# var_cnt : 5000
# step_cnt: 20
# var_mean: 0.00038095
0.00056312
0.00023222
0.00015154
0.00026012
0.00030674
0.00045061
0.00027627
0.00080223
0.00022448
0.00014447
0.00041651
0.00012578
0.00016751
0.00062555
0.00029265
0.00030464
0.00012149
0.00042471
0.00013401
0.00036361
0.00034628
0.00028536
0.00033253
0.00030641
0.00034044
0.00043935
0.00049467
0.00015265
0.00037170
0.00019273
0.00114183
0.00068354
0.00190091
0.00020021
0.00034239
0.00022655
0.00048192
0.00066392
0.00014896
0.00032991
0.00039801
0.00022353
0.00024212
0.00064294
0.00025884
0.00044375
0.00009323
0.00049866
0.00011598
0.00074126
0.00026460
0.00030076
0.00081805
0.00062143
0.00013719
0.00021669
0.00039344
0.00024085
0.00394056
0.00024268
0.00031828
0.00014100
0.00046797
0.00037594
0.00015908
0.00029032
0.00056331
0.00025482
0.00011762
0.00025377
0.00034008
0.00027830
0.00023584
0.00054783
0.00024252
0.00016024
0.00042092
0.00013220
0.00015028
0.00041096
0.00048275
0.00064624
0.00020552
0.00016620
0.00092207
0.00079691
0.00047745
0.00048403
0.00040488
0.00149126
0.00039775
0.00051909
0.00011833
0.00025411
0.00055765
0.00028132
0.00012343
0.00016381
0.00027847
0.00031662
0.00027771
0.00018260
0.00025864
0.00032512
0.00020695
0.00107199
0.00008170
0.00030461
0.00024417
0.00119275
0.00041835
0.00013025
0.00024870
0.00027680
0.00019980
0.00021359
0.00020246
0.00014426
0.00037408
0.00010089
0.00026411
0.00047627
0.00033047
0.00039156
0.00039199
0.00045385
0.00013275
0.00089543
0.00042238
0.00033050
0.00074329
0.00030540
0.00012398
0.00172280
0.00016300
0.00062125
0.00036258
0.00027748
0.00011399
0.00044697
0.00045441
0.00015335
0.00052090
0.00016379
0.00011498
0.00030890
0.00011224
0.00029765
0.00022249
0.00039012
0.00025732
0.00029109
0.00020116
0.00090465
0.00026893
0.00040680
0.00027418
0.00066570
0.00024684
0.00047431
0.00022404
0.00053416
0.00048255
0.00018224
0.00065485
0.00028623
0.00060091
0.00062659
0.00077445
0.00041015
0.00044965
0.00015111
0.00020913
0.00024131
0.00022690
0.00054711
0.00083800
0.00027921
0.00055607
0.00037247
0.00016610
0.00026435
0.00040961
0.00032116
0.00019110
0.00013942
0.00036849
0.00019297
0.00040514
0.00024590
0.00133319
0.00041142
0.00031353
0.00029128
0.00078530
0.00054030
0.00014822
0.00052303
0.00054247
0.00023564
0.00037693
0.00014544
0.00032859
0.00031165
0.00024792
0.00053109
0.00028368
0.00027569
0.00027488
0.00049305
0.00066922
0.00057070
0.00015888
0.00023347
0.00043168
0.00026895
0.00026935
0.00007919
0.00019212
0.00031156
0.00027811
0.00027621
0.00039356
0.00018003
0.00024681
0.00031829
0.00018018
0.00009985
0.00015337
0.00024599
0.00023582
0.00018669
0.00074169
0.00018418
0.00035513
0.00018952
0.00065962
0.00067379
0.00072619
0.00033566
0.00020503
0.00058343
0.00026037
0.00017945
0.00029029
0.00047399
0.00042555
0.00018592
0.00056586
0.00036991
0.00051781
0.00096112
0.00031914
0.00029520
0.00030649
0.00077425
0.00033643
0.00044410
0.00046522
0.00090566
0.00022316
0.00028604
0.00063315
0.00009156
0.00021765
0.00025388
0.00027061
0.00044216
0.00021015
0.00017992
0.00028095
0.00019639
0.00059447
0.00017906
0.00022853
0.00081422
0.00054736
0.00019537
0.00074844
0.00041608
0.00090381
0.00076195
0.00033992
0.00036523
0.00051639
0.00038957
0.00020682
0.00022918
0.00014005
0.00015729
0.00025494
0.00021150
0.00036747
0.00013968
0.00048202
0.00021238
0.00011238
0.00017525
0.00029817
0.00043322
0.00044559
0.00025481
0.00027762
0.00038648
0.00023043
0.00019844
0.00044267
0.00068300
0.00113113
0.00014440
0.00014565
0.00044217
0.00081439
0.00039082
0.00017125
0.00040109
0.00035792
0.00031414
0.00036012
0.00026133
0.00038331
0.00022174
0.00036309
0.00037299
0.00054410
0.00023249
0.00033614
0.00033244
0.00025832
0.00026520
0.00054230
0.00028154
0.00081805
0.00019733
0.00028789
0.00025214
0.00043224
0.00041186
0.00047082
0.00026756
0.00034410
0.00033577
0.00029685
0.00028356
0.00007356
0.00018626
0.00046920
0.00036587
0.00015359
0.00025120
0.00118363
0.00018412
0.00023595
0.00029301
0.00020333
0.00018575
0.00062803
0.00027399
0.00008923
0.00019116
0.00030171
0.00017289
0.00017605
0.00013983
0.00025740
0.00022098
0.00032066
0.00030742
0.00052737
0.00023390
0.00038015
0.00014154
0.00016115
0.00040104
0.00052006
0.00027223
0.00024497
0.00019727
0.00026941
0.00028674
0.00014145
0.00015399
0.00014112
0.00047889
0.00008028
0.00074609
0.00098743
0.00021401
0.00039276
0.00013945
0.00029277
0.00039862
0.00011548
0.00024578
0.00039899
0.00077302
0.00022910
0.00022492
0.00009184
0.00009835
0.00021120
0.00024060
0.00031578
0.00020128
0.00031850
0.00034120
0.00019304
0.00041941
0.00041328
0.00023154
0.00060405
0.00021126
0.00017062
0.00032048
0.00021479
0.00031119
0.00102141
0.00029403
0.00046869
0.00019534
0.00025619
0.00028102
0.00030911
0.00018019
0.00028419
0.00027889
0.00020101
0.00034305
0.00071377
0.00011359
0.00013539
0.00027942
0.00008577
0.00146028
0.00053510
0.00033522
0.00026398
0.00014181
0.00129154
0.00095857
0.00055419
0.00018446
0.00082003
0.00013233
0.00040905
0.00026428
0.00013445
0.00035010
0.00024377
0.00017397
0.00037419
0.00016475
0.00012431
0.00052349
0.00050636
0.00046746
0.00060588
0.00044544
0.00017994
0.00033025
0.00085247
0.00032544
0.00064854
0.00021995
0.00026641
0.00068624
0.00017820
0.00027941
0.00034200
0.00035602
0.00035558
0.00012841
0.00078983
0.00035435
0.00037904
0.00044374
0.00045770
0.00038411
0.00079308
0.00026628
0.00038514
0.00018049
0.00044435
0.00039206
0.00041385
0.00027295
0.00011847
0.00014896
0.00015206
0.00035922
0.00024668
0.00036442
0.00022428
0.00014349
0.00017004
0.00021417
0.00012764
0.00029134
0.00030994
0.00014060
0.00011715
0.00015628
0.00023655
0.00069117
0.00026218
0.00030599
0.00018559
0.00018769
0.00022856
0.00084012
0.00030419
0.00017785
0.00038352
0.00031944
0.00022088
0.00033771
0.00014780
0.00018423
0.00109168
0.00020947
0.00056160
0.00027336
0.00038354
0.00024493
0.00014629
0.00010982
0.00084535
0.00042764
0.00064930
0.00052936
0.00050044
0.00046417
0.00032263
0.00017608
0.00019439
0.00012370
0.00013532
0.00030410
0.00028812
0.00019026
0.00049685
0.00114325
0.00038514
0.00043746
0.00049738
0.00099796
0.00020147
0.00079275
0.00015895
0.00058950
0.00042831
0.00028271
0.00050704
0.00039853
0.00138891
0.00017061
0.00037192
0.00063973
0.00031747
0.00030477
0.00097950
0.00010915
0.00022501
0.00023498
0.00020373
0.00021209
0.00048196
0.00023308
0.00072679
0.00043399
0.00013407
0.00054085
0.00090717
0.00023896
0.00089356
0.00027364
0.00030824
0.00091560
0.00049182
0.00067192
0.00030841
0.00078331
0.00078111
0.00066059
0.00044166
0.00059169
0.00028236
0.00010791
0.00039017
0.00021676
0.00024580
0.00018103
0.00019475
0.00011483
0.00044387
0.00060975
0.00031767
0.00029478
0.00142153
0.00058851
0.00028317
0.00010442
0.00024944
0.00025302
0.00042681
0.00010080
0.00146234
0.00038608
0.00040923
0.00019448
0.00028032
0.00040224
0.00019891
0.00035624
0.00034812
0.00034611
0.00026807
0.00031564
0.00027168
0.00023511
0.00063173
0.00024023
0.00056112
0.00014445
0.00062986
0.00032869
0.00016041
0.00032796
0.00028199
0.00104620
0.00029621
0.00031971
0.00124345
0.00022640
0.00035232
0.00029895
0.00107766
0.00023833
0.00041980
0.00017176
0.00012696
0.00013144
0.00026150
0.00030938
0.00045821
0.00068115
0.00207630
0.00018598
0.00054687
0.00008525
0.00026845
0.00035680
0.00017782
0.00011479
0.00030912
0.00036603
0.00104047
0.00045137
0.00022318
0.00038126
0.00029364
0.00045535
0.00049183
0.00023231
0.00008170
0.00025737
0.00086200
0.00044616
0.00038057
0.00062897
0.00058706
0.00022572
0.00046667
0.00018023
0.00106294
0.00010581
0.00020525
0.00051019
0.00063344
0.00023690
0.00087930
0.00023241
0.00103520
0.00058764
0.00075101
0.00013409
0.00056753
0.00026689
0.00032106
0.00018611
0.00031801
0.00015270
0.00010044
0.00013921
0.00052710
0.00024096
0.00059867
0.00049043
0.00043149
0.00106022
0.00032916
0.00022118
0.00049517
0.00024905
0.00032568
0.00022795
0.00269542
0.00047461
0.00044285
0.00028941
0.00061885
0.00044390
0.00096647
0.00037552
0.00030427
0.00014078
0.00025123
0.00103854
0.00043147
0.00023821
0.00038800
0.00010797
0.00049536
0.00047678
0.00031164
0.00037564
0.00028132
0.00016481
0.00053865
0.00021435
0.00048730
0.00040006
0.00042569
0.00016516
0.00058491
0.00056581
0.00023281
0.00015226
0.00083445
0.00038889
0.00020357
0.00030652
0.00034229
0.00026809
0.00032981
0.00067759
0.00012128
0.00028621
0.00012861
0.00062501
0.00025507
0.00050319
0.00010294
0.00024273
0.00035728
0.00033787
0.00013143
0.00022259
0.00025369
0.00022394
0.00021925
0.00079087
0.00035007
0.00044037
0.00017244
0.00083000
0.00025503
0.00015351
0.00024804
0.00058645
0.00013652
0.00013707
0.00082905
0.00065266
0.00037753
0.00017624
0.00011684
0.00032747
0.00010709
0.00055104
0.00016538
0.00030927
0.00018901
0.00037172
0.00051145
0.00020153
0.00040293
0.00050041
0.00024647
0.00057065
0.00033671
0.00030183
0.00029839
0.00017018
0.00018208
0.00049373
0.00058294
0.00106198
0.00055030
0.00025810
0.00044270
0.00017796
0.00037253
0.00058820
0.00081518
0.00018081
0.00029065
0.00031566
0.00084721
0.00027261
0.00015337
0.00024659
0.00030210
0.00055144
0.00034604
0.00021459
0.00026212
0.00059565
0.00015021
0.00051665
0.00048409
0.00034667
0.00016299
0.00021874
0.00034921
0.00034698
0.00074155
0.00034015
0.00045135
0.00026413
0.00025218
0.00035656
0.00022792
0.00015308
0.00023890
0.00013973
0.00032071
0.00051629
0.00060238
0.00060655
0.00044584
0.00031710
0.00045148
0.00017321
0.00057956
0.00008111
0.00126003
0.00018804
0.00022744
0.00026004
0.00016237
0.00023387
0.00034360
0.00027632
0.00041822
0.00030631
0.00018607
0.00014631
0.00087634
0.00045605
0.00035057
0.00045645
0.00083746
0.00019362
0.00027781
0.00030013
0.00067314
0.00043238
0.00019260
0.00006061
0.00064134
0.00022174
0.00046151
0.00046174
0.00008108
0.00144789
0.00010959
0.00020882
0.00022355
0.00030949
0.00010732
0.00028952
0.00035495
0.00027078
0.00037361
0.00029195
0.00032165
0.00024310
0.00025217
0.00030170
0.00018460
0.00049104
0.00025703
0.00025605
0.00064745
0.00011625
0.00035654
0.00023241
0.00034180
0.00020442
0.00054483
0.00038321
0.00042079
0.00044331
0.00022936
0.00033420
0.00022271
0.00049378
0.00011073
0.00049633
0.00026803
0.00013179
0.00023657
0.00020862
0.00027372
0.00051314
0.00034664
0.00040095
0.00020101
0.00045347
0.00043526
0.00025001
0.00010689
0.00036609
0.00014546
0.00020845
0.00033649
0.00028819
0.00043598
0.00072389
0.00012841
0.00183126
0.00036477
0.00041588
0.00021992
0.00062721
0.00073649
0.00019927
0.00023296
0.00047892
0.00048091
0.00007662
0.00022328
0.00021375
0.00053266
0.00045744
0.00014189
0.00037389
0.00022378
0.00035738
0.00049728
0.00021636
0.00010864
0.00041833
0.00026152
0.00019016
0.00062878
0.00019903
0.00073334
0.00030930
0.00026329
0.00071312
0.00020957
0.00046624
0.00011654
0.00019840
0.00037625
0.00011151
0.00014996
0.00023746
0.00026516
0.00040638
0.00040881
0.00019318
0.00048795
0.00045658
0.00085499
0.00031580
0.00017030
0.00038267
0.00021198
0.00012387
0.00037004
0.00054362
0.00020655
0.00029379
0.00031154
0.00016279
0.00025093
0.00040412
0.00014366
0.00020968
0.00006544
0.00065988
0.00029309
0.00028761
0.00014202
0.00010714
0.00031440
0.00110114
0.00022321
0.00011135
0.00081580
0.00014973
0.00025468
0.00060986
0.00114871
0.00069789
0.00022639
0.00044017
0.00033449
0.00025031
0.00081398
0.00029185
0.00006813
0.00017974
0.00020351
0.00033551
0.00038516
0.00013369
0.00022497
0.00019073
0.00021597
0.00022870
0.00053791
0.00015991
0.00035149
0.00018443
0.00048835
0.00019168
0.00030314
0.00034297
0.00055650
0.00025573
0.00024201
0.00024076
0.00028065
0.00021159
0.00016388
0.00110700
0.00023672
0.00012212
0.00029304
0.00056163
0.00038920
0.00012113
0.00035155
0.00017594
0.00010625
0.00029854
0.00049456
0.00025492
0.00015822
0.00033602
0.00040532
0.00018706
0.00030635
0.00029147
0.00045900
0.00089794
0.00043822
0.00021766
0.00062993
0.00012306
0.00038610
0.00045700
0.00030893
0.00053140
0.00025008
0.00044403
0.00014864
0.00054639
0.00056599
0.00011527
0.00031955
0.00048325
0.00009776
0.00008884
0.00028453
0.00021134
0.00021454
0.00012832
0.00024684
0.00010909
0.00085964
0.00050897
0.00051581
0.00027351
0.00013098
0.00011621
0.00030200
0.00012097
0.00020600
0.00087820
0.00016723
0.00029299
0.00041467
0.00054909
0.00045709
0.00054265
0.00034493
0.00036089
0.00055821
0.00026269
0.00023670
0.00048259
0.00074440
0.00042464
0.00122400
0.00028261
0.00023338
0.00016276
0.00030823
0.00029116
0.00049440
0.00025486
0.00037742
0.00015480
0.00028322
0.00025359
0.00081695
0.00074897
0.00014168
0.00034161
0.00072554
0.00092997
0.00015290
0.00115154
0.00068078
0.00029750
0.00012855
0.00018302
0.00028552
0.00042250
0.00020204
0.00031179
0.00019209
0.00044279
0.00021523
0.00019175
0.00018043
0.00016525
0.00014423
0.00081350
0.00026563
0.00024398
0.00040871
0.00031096
0.00018532
0.00011054
0.00031260
0.00015189
0.00049126
0.00082269
0.00051633
0.00034638
0.00016283
0.00010708
0.00018122
0.00027666
0.00024067
0.00052984
0.00016163
0.00038362
0.00022304
0.00104963
0.00019678
0.00039583
0.00036723
0.00017693
0.00049714
0.00024101
0.00095502
0.00059394
0.00014138
0.00022209
0.00019188
0.00027864
0.00028200
0.00012090
0.00055219
0.00017341
0.00030624
0.00035694
0.00012394
0.00036079
0.00075702
0.00057636
0.00025455
0.00045683
0.00063341
0.00016678
0.00034252
0.00025848
0.00077194
0.00041998
0.00047542
0.00035120
0.00019147
0.00017044
0.00047742
0.00029363
0.00075250
0.00103414
0.00019183
0.00021086
0.00045308
0.00047377
0.00018410
0.00056276
0.00015105
0.00022646
0.00017632
0.00030233
0.00182564
0.00053976
0.00016465
0.00037736
0.00036898
0.00027900
0.00022676
0.00020653
0.00053788
0.00063895
0.00034696
0.00056031
0.00036106
0.00015002
0.00021445
0.00013324
0.00045692
0.00059642
0.00047297
0.00024199
0.00034667
0.00038663
0.00028451
0.00040773
0.00029983
0.00042698
0.00073929
0.00024044
0.00044474
0.00029161
0.00018949
0.00024269
0.00055554
0.00014005
0.00030546
0.00021130
0.00062268
0.00063900
0.00013564
0.00032792
0.00043383
0.00025742
0.00025276
0.00023767
0.00016378
0.00059966
0.00014214
0.00024243
0.00055054
0.00016347
0.00019999
0.00031818
0.00021876
0.00040253
0.00019167
0.00023818
0.00020957
0.00029404
0.00020438
0.00015309
0.00016923
0.00022182
0.00015945
0.00011388
0.00095695
0.00036491
0.00025240
0.00011778
0.00180613
0.00064311
0.00015635
0.00016728
0.00022353
0.00018080
0.00037461
0.00079017
0.00022273
0.00039995
0.00074087
0.00018896
0.00034635
0.00044828
0.00044957
0.00029994
0.00016656
0.00177219
0.00023034
0.00157263
0.00030000
0.00030373
0.00027531
0.00018088
0.00037334
0.00024262
0.00040491
0.00014411
0.00024200
0.00011219
0.00068782
0.00011935
0.00016206
0.00071869
0.00019890
0.00023677
0.00026120
0.00031935
0.00027662
0.00032259
0.00018663
0.00035740
0.00033076
0.00039364
0.00014107
0.00011829
0.00038443
0.00024640
0.00016632
0.00021348
0.00022428
0.00022300
0.00027527
0.00028728
0.00061635
0.00022515
0.00020607
0.00037498
0.00010182
0.00018322
0.00023988
0.00072391
0.00047803
0.00012057
0.00014924
0.00051087
0.00031606
0.00025379
0.00045101
0.00057313
0.00034461
0.00013349
0.00016837
0.00030297
0.00019812
0.00024793
0.00023694
0.00028701
0.00020578
0.00023440
0.00021174
0.00021199
0.00071008
0.00034780
0.00018733
0.00044581
0.00015462
0.00012304
0.00030763
0.00084217
0.00018498
0.00028405
0.00025398
0.00015543
0.00030038
0.00032134
0.00040291
0.00035807
0.00025308
0.00009443
0.00070475
0.00177240
0.00014357
0.00023296
0.00078308
0.00078050
0.00057798
0.00047285
0.00018294
0.00017849
0.00047696
0.00026032
0.00053866
0.00035577
0.00017160
0.00033844
0.00017935
0.00024446
0.00062309
0.00012179
0.00014277
0.00038498
0.00021484
0.00010808
0.00035641
0.00028922
0.00038038
0.00030932
0.00049951
0.00065323
0.00049976
0.00060986
0.00048403
0.00021352
0.00020022
0.00037286
0.00036391
0.00053212
0.00066610
0.00014063
0.00010557
0.00017743
0.00039928
0.00022766
0.00021730
0.00034768
0.00049906
0.00010711
0.00045516
0.00058017
0.00021889
0.00025372
0.00027134
0.00035407
0.00047068
0.00015662
0.00014503
0.00041139
0.00077182
0.00018287
0.00017590
0.00025974
0.00031280
0.00035909
0.00014881
0.00055878
0.00019214
0.00051238
0.00012034
0.00027455
0.00066421
0.00029931
0.00022340
0.00051450
0.00024091
0.00065759
0.00053327
0.00037026
0.00020982
0.00027713
0.00021091
0.00017545
0.00041267
0.00051224
0.00015992
0.00024572
0.00012278
0.00132589
0.00038317
0.00031759
0.00016361
0.00025020
0.00010317
0.00019970
0.00024436
0.00032896
0.00028692
0.00016858
0.00023608
0.00080047
0.00137892
0.00066939
0.00021511
0.00051165
0.00028773
0.00056391
0.00037711
0.00013025
0.00058165
0.00024903
0.00031823
0.00012117
0.00076043
0.00048429
0.00029636
0.00043112
0.00034799
0.00047715
0.00031525
0.00039982
0.00044027
0.00008137
0.00018677
0.00041876
0.00044522
0.00020794
0.00059217
0.00022235
0.00029857
0.00017470
0.00093731
0.00034828
0.00090480
0.00013437
0.00047096
0.00013876
0.00036942
0.00054471
0.00267228
0.00041582
0.00096586
0.00014897
0.00040674
0.00016643
0.00023277
0.00019996
0.00058302
0.00023469
0.00022269
0.00044614
0.00031181
0.00039506
0.00013337
0.00036583
0.00019360
0.00074953
0.00065730
0.00021150
0.00027981
0.00012392
0.00017706
0.00017168
0.00037477
0.00046208
0.00055848
0.00042396
0.00017687
0.00012132
0.00047351
0.00040464
0.00011944
0.00056213
0.00052800
0.00022003
0.00024243
0.00017904
0.00030063
0.00039209
0.00053415
0.00059075
0.00027740
0.00026112
0.00036966
0.00037004
0.00025349
0.00013546
0.00031360
0.00041752
0.00068202
0.00034928
0.00024932
0.00015385
0.00037205
0.00090838
0.00057107
0.00048047
0.00097748
0.00023819
0.00018743
0.00047949
0.00026032
0.00037109
0.00023323
0.00091217
0.00021594
0.00175099
0.00034448
0.00022786
0.00016468
0.00013565
0.00025594
0.00046733
0.00022299
0.00037286
0.00040510
0.00010100
0.00051650
0.00020646
0.00011875
0.00050078
0.00084384
0.00036911
0.00028553
0.00064874
0.00084606
0.00027277
0.00033066
0.00014242
0.00053116
0.00039363
0.00014457
0.00131294
0.00072546
0.00044230
0.00020716
0.00033983
0.00018583
0.00153809
0.00053195
0.00011409
0.00011428
0.00018051
0.00017541
0.00025415
0.00026956
0.00018931
0.00024591
0.00033634
0.00035540
0.00034997
0.00012885
0.00027091
0.00027562
0.00042366
0.00027010
0.00026542
0.00035183
0.00007542
0.00012274
0.00030921
0.00032969
0.00109714
0.00038930
0.00083552
0.00018165
0.00034411
0.00065356
0.00012526
0.00010798
0.00016015
0.00017820
0.00013647
0.00096099
0.00038731
0.00014606
0.00079847
0.00036925
0.00020113
0.00013648
0.00043420
0.00133823
0.00018697
0.00021644
0.00028602
0.00026038
0.00056735
0.00117273
0.00027346
0.00039731
0.00018776
0.00018035
0.00038265
0.00029464
0.00021236
0.00031897
0.00107523
0.00032950
0.00255946
0.00027409
0.00037863
0.00021681
0.00050036
0.00051861
0.00028233
0.00010898
0.00019967
0.00074998
0.00020931
0.00117668
0.00036209
0.00032594
0.00044906
0.00011017
0.00060709
0.00036844
0.00037868
0.00029032
0.00023280
0.00039846
0.00036258
0.00055633
0.00062948
0.00027306
0.00033799
0.00063368
0.00021016
0.00047953
0.00026595
0.00062514
0.00021777
0.00029309
0.00013543
0.00064008
0.00031670
0.00032952
0.00030547
0.00053436
0.00045235
0.00047232
0.00031582
0.00035452
0.00023685
0.00021545
0.00032429
0.00027435
0.00030318
0.00151598
0.00013327
0.00023159
0.00013930
0.00030361
0.00025078
0.00021284
0.00050782
0.00048569
0.00053592
0.00092336
0.00012135
0.00018615
0.00036656
0.00017864
0.00031101
0.00028761
0.00018733
0.00199255
0.00034606
0.00050050
0.00050859
0.00148640
0.00051448
0.00017144
0.00016302
0.00019866
0.00021815
0.00023628
0.00032987
0.00023874
0.00048473
0.00155381
0.00027945
0.00060648
0.00010399
0.00024450
0.00029384
0.00021268
0.00097727
0.00051188
0.00034856
0.00014994
0.00035149
0.00014070
0.00042289
0.00013927
0.00063381
0.00042997
0.00219161
0.00012096
0.00049749
0.00029929
0.00016295
0.00016786
0.00012250
0.00105243
0.00044697
0.00033491
0.00064406
0.00024939
0.00028201
0.00069724
0.00026065
0.00020220
0.00109863
0.00022652
0.00057976
0.00058257
0.00046402
0.00036299
0.00035069
0.00015139
0.00035263
0.00015112
0.00036395
0.00054810
0.00036969
0.00022106
0.00041488
0.00023048
0.00037141
0.00032119
0.00019040
0.00032285
0.00038289
0.00053715
0.00025704
0.00010783
0.00038221
0.00016096
0.00032835
0.00016404
0.00084778
0.00041626
0.00028187
0.00023802
0.00019949
0.00017381
0.00064721
0.00018038
0.00022898
0.00048690
0.00065396
0.00141988
0.00025587
0.00040090
0.00160141
0.00022637
0.00014377
0.00033679
0.00015682
0.00033672
0.00030526
0.00023968
0.00146403
0.00013874
0.00041829
0.00009941
0.00018890
0.00022386
0.00027016
0.00031770
0.00026634
0.00019744
0.00034457
0.00015406
0.00010634
0.00066910
0.00078185
0.00032344
0.00020173
0.00039087
0.00015113
0.00050426
0.00045671
0.00029700
0.00016114
0.00029236
0.00041588
0.00018601
0.00048681
0.00032870
0.00026668
0.00038547
0.00070118
0.00013914
0.00120997
0.00074718
0.00012901
0.00030860
0.00016366
0.00048573
0.00027978
0.00030073
0.00027258
0.00022388
0.00120846
0.00008166
0.00020262
0.00126584
0.00052715
0.00087487
0.00046653
0.00029763
0.00024642
0.00028821
0.00089438
0.00071871
0.00046017
0.00015594
0.00050972
0.00019639
0.00035480
0.00028373
0.00048269
0.00015229
0.00052583
0.00022009
0.00014891
0.00040732
0.00043328
0.00024061
0.00015077
0.00015379
0.00015314
0.00031735
0.00015465
0.00025456
0.00037507
0.00018733
0.00022569
0.00021123
0.00011006
0.00038830
0.00021444
0.00048463
0.00028522
0.00026983
0.00040339
0.00022775
0.00019925
0.00029179
0.00049160
0.00047720
0.00033389
0.00056244
0.00008626
0.00016891
0.00031273
0.00022809
0.00059593
0.00048626
0.00010502
0.00015996
0.00043697
0.00033437
0.00010477
0.00018159
0.00005676
0.00014915
0.00037719
0.00036455
0.00015637
0.00036969
0.00032654
0.00020159
0.00015210
0.00035182
0.00034942
0.00020010
0.00037843
0.00024591
0.00017704
0.00026695
0.00054824
0.00030050
0.00070535
0.00014653
0.00009289
0.00089920
0.00012534
0.00021005
0.00019220
0.00041357
0.00025743
0.00014077
0.00055333
0.00035142
0.00010205
0.00011201
0.00032985
0.00049652
0.00034357
0.00029867
0.00058360
0.00024258
0.00052995
0.00018048
0.00032296
0.00029414
0.00033908
0.00020249
0.00149374
0.00106297
0.00024116
0.00061143
0.00024185
0.00028070
0.00027873
0.00100459
0.00017965
0.00057052
0.00066480
0.00055295
0.00021653
0.00034249
0.00053544
0.00087282
0.00092798
0.00019457
0.00048346
0.00020685
0.00017399
0.00051007
0.00071312
0.00028514
0.00196798
0.00046236
0.00017316
0.00031895
0.00035289
0.00033594
0.00012891
0.00041176
0.00076654
0.00057281
0.00018123
0.00027669
0.00033154
0.00015813
0.00111088
0.00023233
0.00024176
0.00020123
0.00021533
0.00033645
0.00028582
0.00013002
0.00042999
0.00011278
0.00046078
0.00027277
0.00015190
0.00034266
0.00119109
0.00036231
0.00030261
0.00025824
0.00016263
0.00014769
0.00018329
0.00032156
0.00067127
0.00022390
0.00034150
0.00010186
0.00043639
0.00012871
0.00048110
0.00021298
0.00081107
0.00025290
0.00040196
0.00019391
0.00037126
0.00027621
0.00019913
0.00015498
0.00017265
0.00040104
0.00014358
0.00024828
0.00039284
0.00013613
0.00149635
0.00020182
0.00029884
0.00017155
0.00020050
0.00017606
0.00019441
0.00041300
0.00026655
0.00022578
0.00019893
0.00044303
0.00039427
0.00023643
0.00025202
0.00080309
0.00142425
0.00038257
0.00043366
0.00017176
0.00044694
0.00024205
0.00144977
0.00047062
0.00016811
0.00059873
0.00043892
0.00018136
0.00030764
0.00041913
0.00011519
0.00022502
0.00031782
0.00035278
0.00026520
0.00040785
0.00072510
0.00061867
0.00056457
0.00040530
0.00025334
0.00041328
0.00024435
0.00044223
0.00044765
0.00056801
0.00019514
0.00072104
0.00014557
0.00011493
0.00035335
0.00066581
0.00010465
0.00031275
0.00044296
0.00041931
0.00073290
0.00029666
0.00042256
0.00094802
0.00053436
0.00013073
0.00057448
0.00011695
0.00020302
0.00011030
0.00062741
0.00027625
0.00121450
0.00012957
0.00035741
0.00030682
0.00026318
0.00037806
0.00077518
0.00031684
0.00021986
0.00057478
0.00027446
0.00061662
0.00010219
0.00041493
0.00024280
0.00034848
0.00036144
0.00012950
0.00065908
0.00023044
0.00029766
0.00022031
0.00017037
0.00011815
0.00051647
0.00029174
0.00023226
0.00040144
0.00041847
0.00077661
0.00024868
0.00039127
0.00039309
0.00035874
0.00033912
0.00022609
0.00106527
0.00015325
0.00053968
0.00013711
0.00055415
0.00041991
0.00019947
0.00054095
0.00010204
0.00079988
0.00059741
0.00032017
0.00027248
0.00024129
0.00033557
0.00061797
0.00035520
0.00021716
0.00024297
0.00012613
0.00029475
0.00045764
0.00032283
0.00128774
0.00031241
0.00017150
0.00031703
0.00048692
0.00056128
0.00020236
0.00033463
0.00016724
0.00048292
0.00021064
0.00048009
0.00033850
0.00017978
0.00064865
0.00061337
0.00059601
0.00027738
0.00017652
0.00036452
0.00034096
0.00019061
0.00013800
0.00055230
0.00038190
0.00041659
0.00021478
0.00090265
0.00033033
0.00019411
0.00045067
0.00036431
0.00021942
0.00067711
0.00056346
0.00075885
0.00060133
0.00049128
0.00013944
0.00099658
0.00010363
0.00044104
0.00016791
0.00017442
0.00051304
0.00039981
0.00091641
0.00015196
0.00014421
0.00031521
0.00058421
0.00034830
0.00020080
0.00036795
0.00019307
0.00093218
0.00074227
0.00046360
0.00014469
0.00032532
0.00075687
0.00055401
0.00023871
0.00042374
0.00078391
0.00023333
0.00017445
0.00116261
0.00041134
0.00057972
0.00040286
0.00023243
0.00066246
0.00014676
0.00088858
0.00028100
0.00012265
0.00017152
0.00020939
0.00015962
0.00093564
0.00021523
0.00045380
0.00055063
0.00037683
0.00071186
0.00034312
0.00020910
0.00041019
0.00057677
0.00034064
0.00030835
0.00028614
0.00057126
0.00033702
0.00036409
0.00033612
0.00014855
0.00027756
0.00021220
0.00033764
0.00034346
0.00075855
0.00017351
0.00050093
0.00051932
0.00023203
0.00029217
0.00066349
0.00020698
0.00008546
0.00086687
0.00012715
0.00034511
0.00019979
0.00048763
0.00122269
0.00074343
0.00024834
0.00021625
0.00069319
0.00034196
0.00072477
0.00017452
0.00033453
0.00016905
0.00032797
0.00040768
0.00015842
0.00045514
0.00039919
0.00118865
0.00051743
0.00016588
0.00092015
0.00016884
0.00024223
0.00021721
0.00050779
0.00067597
0.00048787
0.00019591
0.00008058
0.00028050
0.00049836
0.00013253
0.00008697
0.00054611
0.00041089
0.00039672
0.00104167
0.00073737
0.00021552
0.00049331
0.00018270
0.00038099
0.00072760
0.00060480
0.00052307
0.00018386
0.00014516
0.00023268
0.00041224
0.00021001
0.00063185
0.00013196
0.00024748
0.00024842
0.00032413
0.00020811
0.00051851
0.00047638
0.00018694
0.00089530
0.00065708
0.00054858
0.00072851
0.00044256
0.00023592
0.00028379
0.00022634
0.00142873
0.00020105
0.00013665
0.00019472
0.00069730
0.00006073
0.00034812
0.00008308
0.00037762
0.00094052
0.00022601
0.00042498
0.00033580
0.00177033
0.00014720
0.00054175
0.00018366
0.00016375
0.00034211
0.00014902
0.00051435
0.00035881
0.00031039
0.00031136
0.00018777
0.00027976
0.00104242
0.00009737
0.00013765
0.00036560
0.00044410
0.00036448
0.00043971
0.00046295
0.00013288
0.00010654
0.00040641
0.00041921
0.00027835
0.00063071
0.00018783
0.00014764
0.00024525
0.00037296
0.00011212
0.00030403
0.00021510
0.00122537
0.00025258
0.00031677
0.00030767
0.00057755
0.00026691
0.00025200
0.00017758
0.00168717
0.00016235
0.00034351
0.00020971
0.00030059
0.00032896
0.00036221
0.00014986
0.00027853
0.00046072
0.00045384
0.00059705
0.00015148
0.00029326
0.00044995
0.00052174
0.00029317
0.00019056
0.00049454
0.00024582
0.00026972
0.00048817
0.00147785
0.00029021
0.00015429
0.00078298
0.00018441
0.00007494
0.00017168
0.00045740
0.00053020
0.00066878
0.00015863
0.00028981
0.00016935
0.00025807
0.00009778
0.00055188
0.00069605
0.00022389
0.00023179
0.00060209
0.00019284
0.00016779
0.00015891
0.00030559
0.00063441
0.00024750
0.00031587
0.00016511
0.00026933
0.00067037
0.00020190
0.00053349
0.00023034
0.00050872
0.00039068
0.00016932
0.00018511
0.00047513
0.00031473
0.00052436
0.00029678
0.00011883
0.00024064
0.00069715
0.00058268
0.00049775
0.00074125
0.00072312
0.00135265
0.00047238
0.00160772
0.00263108
0.00019754
0.00041681
0.00034552
0.00012959
0.00054022
0.00038663
0.00047400
0.00014220
0.00044720
0.00036426
0.00147574
0.00027990
0.00012219
0.00038200
0.00053956
0.00042396
0.00016359
0.00028076
0.00045228
0.00045941
0.00028554
0.00078451
0.00017514
0.00014160
0.00136971
0.00019712
0.00060021
0.00017952
0.00026612
0.00103635
0.00030964
0.00042545
0.00027835
0.00067350
0.00070909
0.00039293
0.00027238
0.00043821
0.00045915
0.00027045
0.00037888
0.00020017
0.00019281
0.00034813
0.00032387
0.00012806
0.00030903
0.00024326
0.00028125
0.00095720
0.00069208
0.00065180
0.00027984
0.00031295
0.00019401
0.00022295
0.00043938
0.00036897
0.00021788
0.00028017
0.00048730
0.00022223
0.00016780
0.00032206
0.00017889
0.00014839
0.00013667
0.00054634
0.00083862
0.00051846
0.00010199
0.00009101
0.00018432
0.00013024
0.00019440
0.00036636
0.00041401
0.00032562
0.00011830
0.00013578
0.00061109
0.00058380
0.00123498
0.00027353
0.00038792
0.00016937
0.00025238
0.00017081
0.00030193
0.00023056
0.00026126
0.00030940
0.00027673
0.00076403
0.00027540
0.00013361
0.00049129
0.00051819
0.00040914
0.00052922
0.00080055
0.00015665
0.00025929
0.00046600
0.00012399
0.00019279
0.00038639
0.00024796
0.00027754
0.00043037
0.00046143
0.00024316
0.00042403
0.00041458
0.00018433
0.00021529
0.00024726
0.00030076
0.00054252
0.00036678
0.00034603
0.00033809
0.00099040
0.00070415
0.00014332
0.00117821
0.00024084
0.00038553
0.00031500
0.00024820
0.00089552
0.00014858
0.00180264
0.00014108
0.00019810
0.00026009
0.00016791
0.00025678
0.00040303
0.00097225
0.00010224
0.00038132
0.00012539
0.00020737
0.00016228
0.00027215
0.00062844
0.00065444
0.00033698
0.00027027
0.00029740
0.00013742
0.00077177
0.00094722
0.00022934
0.00033940
0.00041094
0.00032041
0.00031701
0.00043173
0.00017158
0.00011349
0.00031370
0.00018363
0.00027666
0.00047549
0.00022995
0.00020773
0.00014716
0.00026706
0.00051393
0.00050787
0.00083499
0.00059716
0.00016210
0.00026386
0.00018178
0.00033615
0.00047656
0.00013058
0.00028053
0.00075740
0.00013154
0.00041740
0.00031494
0.00012004
0.00032473
0.00033873
0.00038697
0.00026256
0.00012120
0.00021826
0.00030071
0.00040261
0.00032656
0.00008512
0.00028323
0.00061097
0.00047396
0.00008833
0.00069776
0.00017355
0.00036322
0.00023896
0.00088023
0.00058699
0.00023780
0.00011846
0.00029695
0.00051388
0.00026527
0.00063190
0.00048089
0.00047423
0.00038254
0.00051154
0.00046296
0.00043491
0.00032967
0.00020979
0.00012187
0.00054901
0.00031123
0.00030414
0.00057018
0.00029441
0.00013621
0.00013620
0.00009735
0.00019194
0.00048084
0.00043565
0.00023183
0.00019906
0.00017436
0.00085814
0.00012391
0.00029101
0.00019488
0.00012213
0.00062816
0.00081001
0.00123685
0.00064371
0.00062930
0.00024118
0.00014415
0.00041648
0.00056650
0.00059117
0.00103183
0.00022517
0.00029662
0.00085081
0.00017450
0.00020115
0.00014024
0.00019848
0.00076331
0.00019132
0.00036089
0.00032913
0.00018815
0.00019576
0.00015859
0.00033658
0.00022532
0.00021441
0.00059704
0.00047416
0.00031188
0.00056769
0.00036414
0.00018240
0.00033158
0.00026174
0.00015644
0.00027935
0.00017758
0.00014645
0.00010585
0.00028974
0.00025457
0.00038461
0.00030908
0.00095118
0.00028874
0.00040051
0.00032410
0.00022894
0.00038119
0.00053569
0.00016735
0.00123423
0.00013965
0.00025667
0.00051307
0.00010925
0.00157876
0.00019893
0.00024618
0.00012002
0.00024068
0.00019221
0.00038103
0.00011445
0.00108758
0.00032995
0.00024676
0.00027239
0.00040397
0.00017490
0.00023254
0.00017069
0.00027846
0.00011172
0.00037165
0.00011265
0.00023259
0.00029656
0.00036367
0.00082520
0.00050513
0.00022075
0.00039409
0.00057771
0.00025241
0.00009432
0.00011987
0.00045056
0.00103593
0.00022612
0.00022088
0.00017507
0.00027908
0.00028771
0.00050019
0.00045735
0.00014525
0.00042133
0.00083735
0.00031005
0.00036674
0.00049191
0.00085661
0.00009589
0.00029117
0.00069005
0.00087245
0.00107691
0.00016389
0.00112733
0.00041447
0.00022918
0.00013128
0.00040479
0.00013898
0.00019697
0.00032462
0.00109143
0.00020297
0.00022299
0.00122861
0.00036431
0.00040797
0.00010099
0.00015951
0.00023210
0.00032811
0.00081744
0.00019410
0.00025636
0.00009881
0.00041465
0.00047543
0.00035758
0.00024645
0.00040600
0.00029714
0.00029894
0.00058202
0.00045850
0.00061099
0.00031043
0.00026849
0.00025398
0.00022639
0.00011975
0.00026382
0.00030388
0.00027246
0.00007068
0.00020641
0.00016536
0.00031778
0.00008000
0.00072762
0.00056598
0.00017184
0.00024149
0.00064086
0.00023120
0.00031860
0.00026111
0.00027427
0.00017801
0.00024520
0.00027947
0.00050045
0.00014469
0.00047555
0.00045259
0.00018066
0.00032598
0.00028164
0.00013316
0.00015986
0.00013594
0.00015575
0.00028804
0.00129055
0.00049340
0.00039381
0.00029536
0.00018360
0.00021199
0.00046561
0.00029180
0.00036334
0.00052254
0.00033399
0.00033374
0.00015803
0.00014901
0.00033521
0.00020041
0.00044245
0.00016520
0.00029277
0.00034895
0.00009414
0.00036405
0.00067723
0.00054167
0.00031568
0.00016803
0.00040957
0.00051007
0.00018740
0.00032757
0.00070575
0.00025211
0.00030570
0.00044132
0.00054081
0.00101751
0.00015397
0.00044980
0.00027467
0.00030437
0.00026545
0.00062230
0.00036683
0.00054482
0.00037348
0.00070801
0.00043102
0.00020678
0.00013982
0.00039768
0.00028958
0.00042902
0.00028413
0.00017982
0.00024020
0.00019392
0.00036987
0.00037892
0.00018611
0.00029647
0.00014688
0.00050321
0.00021011
0.00030737
0.00015478
0.00090211
0.00017786
0.00053747
0.00028121
0.00014797
0.00013474
0.00045888
0.00037076
0.00037610
0.00025352
0.00014859
0.00048960
0.00040321
0.00032865
0.00049937
0.00058618
0.00017982
0.00009292
0.00031777
0.00029296
0.00033461
0.00017167
0.00010599
0.00043897
0.00061408
0.00029028
0.00010094
0.00038082
0.00087361
0.00011550
0.00021896
0.00021735
0.00087392
0.00014803
0.00070836
0.00074062
0.00034768
0.00089738
0.00056474
0.00027821
0.00019115
0.00022868
0.00038772
0.00020207
0.00009551
0.00053448
0.00019615
0.00013937
0.00012792
0.00098498
0.00018641
0.00018500
0.00041412
0.00022420
0.00033864
0.00034465
0.00060501
0.00028426
0.00054883
0.00027287
0.00049698
0.00032807
0.00017748
0.00022576
0.00038225
0.00014179
0.00025507
0.00024701
0.00022538
0.00044718
0.00046525
0.00021832
0.00054523
0.00020562
0.00009244
0.00035475
0.00067905
0.00035841
0.00013883
0.00024037
0.00048174
0.00015273
0.00058366
0.00017252
0.00019516
0.00032133
0.00012389
0.00026975
0.00023254
0.00033687
0.00084122
0.00127149
0.00011711
0.00052915
0.00032603
0.00010898
0.00011173
0.00032001
0.00041767
0.00048090
0.00024068
0.00014619
0.00012939
0.00029607
0.00030120
0.00047545
0.00015806
0.00066124
0.00041128
0.00014182
0.00044513
0.00011351
0.00032703
0.00009443
0.00025876
0.00028016
0.00025290
0.00020810
0.00014984
0.00022407
0.00068273
0.00051645
0.00013797
0.00018720
0.00017212
0.00016584
0.00025540
0.00056063
0.00025433
0.00079067
0.00017389
0.00034539
0.00019272
0.00016352
0.00051591
0.00016387
0.00028145
0.00034361
0.00036141
0.00012806
0.00020666
0.00023317
0.00028690
0.00013262
0.00087522
0.00009342
0.00027435
0.00016730
0.00066193
0.00048003
0.00023570
0.00015611
0.00036141
0.00015181
0.00052203
0.00024543
0.00055154
0.00028358
0.00023688
0.00031058
0.00019303
0.00020080
0.00033235
0.00035854
0.00035772
0.00053491
0.00010112
0.00029098
0.00109608
0.00087388
0.00163588
0.00027008
0.00038834
0.00044666
0.00035677
0.00038536
0.00015870
0.00034812
0.00019594
0.00026153
0.00024067
0.00034677
0.00036241
0.00023588
0.00016329
0.00022219
0.00046172
0.00069734
0.00116031
0.00014113
0.00020184
0.00133820
0.00058971
0.00013975
0.00085313
0.00097001
0.00026706
0.00027180
0.00106168
0.00024539
0.00048568
0.00010356
0.00015075
0.00032075
0.00027231
0.00043838
0.00020372
0.00022947
0.00014220
0.00041130
0.00017734
0.00057281
0.00028696
0.00043967
0.00019938
0.00021277
0.00044287
0.00034302
0.00013785
0.00025549
0.00058894
0.00027593
0.00049031
0.00033007
0.00015608
0.00065174
0.00043134
0.00012856
0.00020833
0.00013405
0.00018544
0.00017796
0.00028509
0.00026002
0.00024917
0.00042783
0.00093085
0.00034910
0.00007819
0.00038822
0.00011500
0.00065778
0.00026337
0.00010878
0.00081304
0.00149784
0.00038355
0.00015297
0.00015365
0.00024660
0.00025322
0.00018565
0.00042615
0.00140593
0.00018962
0.00031713
0.00095011
0.00021379
0.00036854
0.00025941
0.00058883
0.00010870
0.00018772
0.00008688
0.00054910
0.00026103
0.00040930
0.00017571
0.00034280
0.00017614
0.00027102
0.00047195
0.00025831
0.00057404
0.00050063
0.00082118
0.00030242
0.00022668
0.00016797
0.00025521
0.00178188
0.00020158
0.00039594
0.00052116
0.00016141
0.00068729
0.00012125
0.00011274
0.00017177
0.00013912
0.00048345
0.00088907
0.00009389
0.00031338
0.00106113
0.00121108
0.00246435
0.00057933
0.00022105
0.00039724
0.00051424
0.00014309
0.00013164
0.00039755
0.00054047
0.00010321
0.00026945
0.00016124
0.00052280
0.00036603
0.00040879
0.00033292
0.00024694
0.00021804
0.00053427
0.00024546
0.00030285
0.00018465
0.00023260
0.00033025
0.00023602
0.00032008
0.00065538
0.00017074
0.00015317
0.00013414
0.00016568
0.00054805
0.00029662
0.00037444
0.00021235
0.00025280
0.00017726
0.00043126
0.00012174
0.00012542
0.00023931
0.00038432
0.00013946
0.00032393
0.00071902
0.00017624
0.00044781
0.00020198
0.00037765
0.00018242
0.00024873
0.00055531
0.00015588
0.00036040
0.00062377
0.00054102
0.00082608
0.00064059
0.00010851
0.00060424
0.00016372
0.00017127
0.00108965
0.00015317
0.00048234
0.00016571
0.00059564
0.00023047
0.00019748
0.00032565
0.00025262
0.00018598
0.00036004
0.00041595
0.00025081
0.00039579
0.00040791
0.00019404
0.00048119
0.00031081
0.00216895
0.00051644
0.00007020
0.00042730
0.00021940
0.00033417
0.00042358
0.00013030
0.00037039
0.00081137
0.00193947
0.00031317
0.00028316
0.00052569
0.00017884
0.00032761
0.00022221
0.00031350
0.00093933
0.00229282
0.00091661
0.00029893
0.00016257
0.00061041
0.00040712
0.00018647
0.00090084
0.00009227
0.00062775
0.00026964
0.00023936
0.00046751
0.00018578
0.00013764
0.00028732
0.00080773
0.00022808
0.00018121
0.00135055
0.00052266
0.00017025
0.00031822
0.00063834
0.00017571
0.00022725
0.00011360
0.00040858
0.00025215
0.00040197
0.00023389
0.00087137
0.00030345
0.00180267
0.00038588
0.00017533
0.00011368
0.00028889
0.00013889
0.00043464
0.00030095
0.00038590
0.00050308
0.00012558
0.00029322
0.00060517
0.00020605
0.00201369
0.00025806
0.00067191
0.00026563
0.00022781
0.00023454
0.00042838
0.00037131
0.00013180
0.00048456
0.00064146
0.00084210
0.00057356
0.00048676
0.00026457
0.00012200
0.00041494
0.00030451
0.00068384
0.00054106
0.00043235
0.00029001
0.00023507
0.00014967
0.00038104
0.00040962
0.00035037
0.00075786
0.00078930
0.00019905
0.00019507
0.00014147
0.00066774
0.00052768
0.00019028
0.00022130
0.00062394
0.00058487
0.00037633
0.00078055
0.00032933
0.00022074
0.00013035
0.00135071
0.00035066
0.00030301
0.00023389
0.00040219
0.00111204
0.00015686
0.00027474
0.00023783
0.00025917
0.00018311
0.00037689
0.00021078
0.00016466
0.00041636
0.00029880
0.00052234
0.00031870
0.00036908
0.00017395
0.00034806
0.00024909
0.00026732
0.00059087
0.00026517
0.00026125
0.00014865
0.00049783
0.00047393
0.00043802
0.00021266
0.00034514
0.00019535
0.00029781
0.00014042
0.00012696
0.00046521
0.00017908
0.00034802
0.00012515
0.00025859
0.00032533
0.00024845
0.00013936
0.00013529
0.00028300
0.00012732
0.00051539
0.00037868
0.00036271
0.00023605
0.00038267
0.00026177
0.00017841
0.00108718
0.00020535
0.00018237
0.00015755
0.00012903
0.00030978
0.00030755
0.00220028
0.00039822
0.00018373
0.00045623
0.00025710
0.00030207
0.00014488
0.00040581
0.00043337
0.00013688
0.00063930
0.00019854
0.00015488
0.00060712
0.00034147
0.00047161
0.00073647
0.00041123
0.00030193
0.00026519
0.00036893
0.00010251
0.00044714
0.00056717
0.00008506
0.00031009
0.00036136
0.00022008
0.00085884
0.00071692
0.00015552
0.00013312
0.00041630
0.00055304
0.00014080
0.00111094
0.00021543
0.00011333
0.00012880
0.00034318
0.00034411
0.00021693
0.00015277
0.00043352
0.00037482
0.00049739
0.00014161
0.00038072
0.00013847
0.00029663
0.00045344
0.00025754
0.00028170
0.00042373
0.00076923
0.00025031
0.00070046
0.00009484
0.00034218
0.00032395
0.00022534
0.00040912
0.00043190
0.00016623
0.00020098
0.00028069
0.00024568
0.00021610
0.00043317
0.00025205
0.00029964
0.00018572
0.00010678
0.00032722
0.00024285
0.00027940
0.00079982
0.00032682
0.00067106
0.00030912
0.00030282
0.00015870
0.00014923
0.00016237
0.00038330
0.00030721
0.00068674
0.00041266
0.00040268
0.00039140
0.00032350
0.00057843
0.00031377
0.00047417
0.00070140
0.00018112
0.00034032
0.00053462
0.00015070
0.00099859
0.00016825
0.00040375
0.00048762
0.00053567
0.00036493
0.00028951
0.00019097
0.00019261
0.00039675
0.00048562
0.00016384
0.00050846
0.00012628
0.00025559
0.00017062
0.00040600
0.00019582
0.00014890
0.00016087
0.00025473
0.00029391
0.00023762
0.00026572
0.00053513
0.00018126
0.00066200
0.00029605
0.00013608
0.00249231
0.00013394
0.00039629
0.00028739
0.00068045
0.00059873
0.00061290
0.00030808
0.00020727
0.00017144
0.00016997
0.00069469
0.00011466
0.00017968
0.00023413
0.00024414
0.00125332
0.00010513
0.00042033
0.00035631
0.00045620
0.00018614
0.00013336
0.00054621
0.00033920
0.00062372
0.00026907
0.00061014
0.00049783
0.00029126
0.00021626
0.00027004
0.00018875
0.00010269
0.00049052
0.00068926
0.00019727
0.00036323
0.00034211
0.00011090
0.00020584
0.00014677
0.00017677
0.00012148
0.00017217
0.00091876
0.00026457
0.00027593
0.00033832
0.00032358
0.00028017
0.00046086
0.00020374
0.00053035
0.00035395
0.00057369
0.00079177
0.00038620
0.00036920
0.00024083
0.00069292
0.00015139
0.00024798
0.00072945
0.00027311
0.00059291
0.00037052
0.00021811
0.00036340
0.00122225
0.00026946
0.00017168
0.00040681
0.00021320
0.00038032
0.00010427
0.00047096
0.00010487
0.00018961
0.00036896
0.00018399
0.00059304
0.00017946
0.00022793
0.00044699
0.00014108
0.00035702
0.00048326
0.00031012
0.00019208
0.00036144
0.00030349
0.00024999
0.00029874
0.00021987
0.00032163
0.00026749
0.00028125
0.00016786
0.00030885
0.00022080
0.00039860
0.00023189
0.00028716
0.00032901
0.00019649
0.00025823
0.00036602
0.00037097
0.00053102
0.00033724
0.00072462
0.00028457
0.00147822
0.00074473
0.00034111
0.00016065
0.00032290
0.00020236
0.00063321
0.00207845
0.00039426
0.00018121
0.00027752
0.00021341
0.00017248
0.00031885
0.00030930
0.00018748
0.00077145
0.00017597
0.00036071
0.00032871
0.00035029
0.00021974
0.00036312
0.00029669
0.00082315
0.00021500
0.00033467
0.00024356
0.00018581
0.00030754
0.00018165
0.00018898
0.00054300
0.00021552
0.00159469
0.00037115
0.00148032
0.00011858
0.00022303
0.00044998
0.00049549
0.00043435
0.00037278
0.00026442
0.00013786
0.00009673
0.00068554
0.00029539
0.00055711
0.00039706
0.00021175
0.00049584
0.00035653
0.00051236
0.00009661
0.00053402
0.00027188
0.00037128
0.00024889
0.00021847
0.00030452
0.00037798
0.00043644
0.00022973
0.00058906
0.00017663
0.00027016
0.00035894
0.00059548
0.00058044
0.00018455
0.00023142
0.00041920
0.00006862
0.00016503
0.00016454
0.00028418
0.00034599
0.00090029
0.00040047
0.00033700
0.00011448
0.00035000
0.00018655
0.00040653
0.00016880
0.00091859
0.00044448
0.00019966
0.00011695
0.00044497
0.00031303
0.00021659
0.00025791
0.00041008
0.00014417
0.00029585
0.00047054
0.00026230
0.00023617
0.00062135
0.00045015
0.00020574
0.00025810
0.00041869
0.00052619
0.00015343
0.00024729
0.00024479
0.00018557
0.00020386
0.00021299
0.00019001
0.00015689
0.00029338
0.00044826
0.00092797
0.00044385
0.00054742
0.00077078
0.00060356
0.00053999
0.00026094
0.00021239
0.00012903
0.00016682
0.00035754
0.00037655
0.00042475
0.00052749
0.00030875
0.00023372
0.00034915
0.00040630
0.00027747
0.00029458
0.00011223
0.00018219
0.00021673
0.00032463
0.00017527
0.00028780
0.00015473
0.00103173
0.00037777
0.00035054
0.00081553
0.00022036
0.00030536
0.00044775
0.00023727
0.00126118
0.00040294
0.00022031
0.00023741
0.00026307
0.00011437
0.00028077
0.00014734
0.00018662
0.00061066
0.00019715
0.00012765
0.00169802
0.00042373
0.00020714
0.00012531
0.00033434
0.00025195
0.00035966
0.00026369
0.00027827
0.00009876
0.00012954
0.00017567
0.00018098
0.00030905
0.00029947
0.00027405
0.00099757
0.00050720
0.00055335
0.00019877
0.00021326
0.00020973
0.00009657
0.00020437
0.00024558
0.00044546
0.00048710
0.00010980
0.00015296
0.00049891
0.00029153
0.00113799
0.00023888
0.00036949
0.00041500
0.00019637
0.00060430
0.00022227
0.00028558
0.00056142
0.00015842
0.00016429
0.00030883
0.00071487
0.00067391
0.00048507
0.00014173
0.00025294
0.00023689
0.00038945
0.00024997
0.00026850
0.00020904
0.00024969
0.00037859
0.00017899
0.00021568
0.00037135
0.00060279
0.00017822
0.00019814
0.00023741
0.00079321
0.00030099
0.00015027
0.00014812
0.00041496
0.00027602
0.00094234
0.00012891
0.00068242
0.00087590
0.00091241
0.00016870
0.00016180
0.00026960
0.00022799
0.00023429
0.00031145
0.00023465
0.00049766
0.00042899
0.00014525
0.00032363
0.00018314
0.00032111
0.00029762
0.00051227
0.00024244
0.00018826
0.00021381
0.00025961
0.00019538
0.00088918
0.00012784
0.00028851
0.00070315
0.00022925
0.00042513
0.00024097
0.00023051
0.00015840
0.00040265
0.00049631
0.00007299
0.00044837
0.00021330
0.00056057
0.00039568
0.00026046
0.00060616
0.00049406
0.00102427
0.00077130
0.00061840
0.00071989
0.00029919
0.00013310
0.00045967
0.00060981
0.00014972
0.00066275
0.00025808
0.00026077
0.00026515
0.00059839
0.00023321
0.00019061
0.00032531
0.00063689
0.00038517
0.00036325
0.00045210
0.00015196
0.00057149
0.00023254
0.00027715
0.00082166
0.00024278
0.00015919
0.00030955
0.00025359
0.00051203
0.00018171
0.00058746
0.00032772
0.00049947
0.00014654
0.00025357
0.00015516
0.00024338
0.00043865
0.00019678
0.00020442
0.00024819
0.00017894
0.00032286
0.00050801
0.00033787
0.00054464
0.00064538
0.00014106
0.00020955
0.00167098
0.00031043
0.00010476
0.00011278
0.00092406
0.00041246
0.00011046
0.00019596
0.00054848
0.00062517
0.00015431
0.00019232
0.00026280
0.00022061
0.00022578
0.00022490
0.00017211
0.00049356
0.00048959
0.00052119
0.00019200
0.00024799
0.00060840
0.00041422
0.00036503
0.00037773
0.00029225
0.00022796
0.00031310
0.00094443
0.00031544
0.00083619
0.00014456
0.00010711
0.00025941
0.00026952
0.00115954
0.00036334
0.00061198
0.00010770
0.00034458
0.00018832
0.00011881
0.00023946
0.00046363
0.00063520
0.00029550
0.00014545
0.00026562
0.00052879
0.00034463
0.00022270
0.00022135
0.00047239
0.00033697
0.00107069
0.00043110
0.00013749
0.00042123
0.00015410
0.00016663
0.00025263
0.00024064
0.00044013
0.00060405
0.00018496
0.00026514
0.00021269
0.00063741
0.00027967
0.00050497
0.00040073
0.00088622
0.00130643
0.00043860
0.00018468
0.00037396
0.00030143
0.00029128
0.00051336
0.00031698
0.00014247
0.00042715
0.00129874
0.00031878
0.00025542
0.00054022
0.00046505
0.00049671
0.00031581
0.00095374
0.00026694
0.00069222
0.00046884
0.00047761
0.00029739
0.00044888
0.00025827
0.00019258
0.00016477
0.00065672
0.00027587
0.00026244
0.00007504
0.00023754
0.00050497
0.00045340
0.00034849
0.00029058
0.00127519
0.00065998
0.00026239
0.00026386
0.00032364
0.00038540
0.00045306
0.00013914
0.00026530
0.00061542
0.00018716
0.00012974
0.00018698
0.00029029
0.00017616
0.00023056
0.00043185
0.00022431
0.00034596
0.00026396
0.00023068
0.00025971
0.00033432
0.00011743
0.00022990
0.00030520
0.00071795
0.00032002
0.00027972
0.00042964
0.00014898
0.00036255
0.00054820
0.00041217
0.00048616
0.00020476
0.00018854
0.00093269
0.00030836
0.00043815
0.00017597
0.00016345
0.00041383
0.00018799
0.00068394
0.00113802
0.00030100
0.00022590
0.00018887
0.00022427
0.00030993
0.00037374
0.00028537
0.00042772
0.00029453
0.00038719
0.00067113
0.00054584
0.00074310
0.00061797
0.00018849
0.00042069
0.00044877
0.00022374
0.00038403
0.00024814
0.00096979
0.00055943
0.00033705
0.00024628
0.00020195
0.00044120
0.00032848
0.00058760
0.00034338
0.00034141
0.00015019
0.00050966
0.00040186
0.00028483
0.00017615
0.00025202
0.00067711
0.00046522
0.00075648
0.00020540
0.00009249
0.00041228
0.00035350
0.00027125
0.00020169
0.00129231
0.00084257
0.00046416
0.00021823
0.00018528
0.00031505
0.00025364
0.00036804
0.00020273
0.00020982
0.00021877
0.00034191
0.00061460
0.00029647
0.00018130
0.00012325
0.00019722
0.00026840
0.00018996
0.00024074
0.00038155
0.00030281
0.00045885
0.00023156
0.00079041
0.00031755
0.00031341
0.00121085
0.00052697
0.00040011
0.00019867
0.00013495
0.00013034
0.00025572
0.00020087
0.00025531
0.00014080
0.00043804
0.00041744
0.00037005
0.00039435
0.00020804
0.00056349
0.00062757
0.00036810
0.00056083
0.00035525
0.00160224
0.00023466
0.00023830
0.00029748
0.00025414
0.00019283
0.00016640
0.00022392
0.00065368
0.00045804
0.00044214
0.00013818
0.00043548
0.00021853
0.00029819
0.00019288
0.00035047
0.00031296
0.00023253
0.00016380
0.00073577
0.00012454
0.00007737
0.00010205
0.00048397
0.00099973
0.00020956
0.00011839
0.00025209
0.00014657
0.00029932
0.00039941
0.00016586
0.00011564
0.00037602
0.00046477
0.00023143
0.00184050
0.00015520
0.00017284
0.00026045
0.00028061
0.00038480
0.00022815
0.00036355
0.00100816
0.00074591
0.00014977
0.00030169
0.00041158
0.00042803
0.00013728
0.00017447
0.00074164
0.00023699
0.00016154
0.00085474
0.00059320
0.00070979
0.00038616
0.00047210
0.00016334
0.00027340
0.00028232
0.00019424
0.00033912
0.00028457
0.00039129
0.00037184
0.00112374
0.00024373
0.00011209
0.00020165
0.00020597
0.00020130
0.00026264
0.00024894
0.00025695
0.00030099
0.00024881
0.00010740
0.00052889
0.00036163
0.00018323
0.00024336
0.00024244
0.00053714
0.00025429
0.00012882
0.00033537
0.00033147
0.00016905
0.00039791
0.00061823
0.00057407
0.00031525
0.00026876
0.00023402
0.00040675
0.00023564
0.00022636
0.00065257
0.00034533
0.00007358
0.00058270
0.00019217
0.00034281
0.00052785
0.00197329
0.00045185
0.00030291
0.00108055
0.00028029
0.00016202
0.00064107
0.00033071
0.00031576
0.00078182
0.00016248
0.00033398
0.00024848
0.00043936
0.00010339
0.00071933
0.00031420
0.00018536
0.00019741
0.00067464
0.00012302
0.00037310
0.00027478
0.00034681
0.00015052
0.00012710
0.00022758
0.00056896
0.00027548
0.00065420
0.00035876
0.00013489
0.00015747
0.00016513
0.00029785
0.00072927
0.00057117
0.00042455
0.00041679
0.00205586
0.00044210
0.00021473
0.00020219
0.00019588
0.00013465
0.00061360
0.00035703
0.00052560
0.00014376
0.00018606
0.00024178
0.00040764
0.00015290
0.00041337
0.00011566
0.00034539
0.00017542
0.00094153
0.00020905
0.00032712
0.00091429
0.00078366
0.00049102
0.00150328
0.00124895
0.00021961
0.00051461
0.00014887
0.00020881
0.00052387
0.00091797
0.00034773
0.00049962
0.00074965
0.00026969
0.00079100
0.00012519
0.00033277
0.00064981
0.00136859
0.00048198
0.00015470
0.00049154
0.00026369
0.00043121
0.00042136
0.00033199
0.00026820
0.00071274
0.00014331
0.00034514
0.00011209
0.00029297
0.00046072
0.00031857
0.00021868
0.00026851
0.00010888
0.00024702
0.00021267
0.00050546
0.00022424
0.00057504
0.00031407
0.00014435
0.00016561
0.00012180
0.00023068
0.00027630
0.00038516
0.00016863
0.00027671
0.00028915
0.00021695
0.00025556
0.00027061
0.00008714
0.00041628
0.00035808
0.00019889
0.00014619
0.00052149
0.00055674
0.00033587
0.00044211
0.00069782
0.00110576
0.00033285
0.00053369
0.00045239
0.00072394
0.00018473
0.00021143
0.00029196
0.00030830
0.00049773
0.00056276
0.00032101
0.00030712
0.00061179
0.00050292
0.00028980
0.00014176
0.00069072
0.00013013
0.00025684
0.00039033
0.00024255
0.00020354
0.00026950
0.00024749
0.00031719
0.00073530
0.00030200
0.00053657
0.00057703
0.00029893
0.00025983
0.00014941
0.00085750
0.00014609
0.00028417
0.00046681
0.00026635
0.00020474
0.00019166
0.00027799
0.00014339
0.00020029
0.00020311
0.00046936
0.00029623
0.00015677
0.00021024
0.00031581
0.00016534
0.00024660
0.00029740
0.00010947
0.00049094
0.00116134
0.00020354
0.00055759
0.00021722
0.00039944
0.00023910
0.00042434
0.00044149
0.00095667
0.00051648
0.00040721
0.00014530
0.00016609
0.00036160
0.00052863
0.00021020
0.00050537
0.00068548
0.00043365
0.00022628
0.00015712
0.00044426
0.00074613
0.00061397
0.00010127
0.00026003
0.00014204
0.00045424
0.00083644
0.00034395
0.00024023
0.00027357
0.00067607
0.00031802
0.00016393
0.00036556
0.00158093
0.00027478
0.00043432
0.00038928
0.00025546
0.00025403
0.00019637
0.00006542
0.00119741
0.00025435
0.00007876
0.00061922
0.00037370
0.00035589
0.00093329
0.00046452
0.00013066
0.00035409
0.00020275
0.00059372
0.00020983
0.00089458
0.00024524
0.00024196
0.00034852
0.00062104
0.00158044
0.00039816
0.00048645
0.00040270
0.00036292
0.00038859
0.00019469
0.00035138
0.00016470
0.00044270
0.00040919
0.00040593
0.00020014
0.00049671
0.00022379
0.00074333
0.00010916
0.00027650
0.00015858
0.00024990
0.00025477
0.00100515
0.00014231
0.00033525
0.00030492
0.00015432
0.00035617
0.00023526
0.00026232
0.00041042
0.00025048
0.00019356
0.00034092
0.00085576
0.00020664
0.00045230
0.00015080
0.00050499
0.00029377
0.00028776
0.00025638
0.00017275
0.00013877
0.00029863
0.00039181
0.00021512
0.00027098
0.00039209
0.00042985
0.00011597
0.00119715
0.00022668
0.00015907
0.00020605
0.00021040
0.00022799
0.00048396
0.00032722
0.00020276
0.00035292
0.00047142
0.00022113
0.00033166
0.00013881
0.00020291
0.00040204
0.00047119
0.00037992
0.00026112
0.00020613
0.00016644
0.00040417
0.00034701
0.00021130
0.00102461
0.00011329
0.00050467
0.00024795
0.00021673
0.00068494
0.00015993
0.00058058
0.00030983
0.00012570
0.00022930
0.00036162
0.00023399
0.00026473
0.00017943
0.00015315
0.00030850
0.00021139
0.00058766
0.00017684
0.00028870
0.00038102
0.00041131
0.00036882
0.00058416
0.00025650
0.00068540
0.00010504
0.00071072
0.00046996
0.00025185
0.00035449
0.00025903
0.00047094
0.00078013
0.00043799
0.00022537
0.00020761
0.00012312
0.00028533
0.00021119
0.00044745
0.00026985
0.00040775
0.00028342
0.00037527
0.00042601
0.00016259
0.00041373
0.00072138
0.00179345
0.00023419
0.00034081
0.00057729
0.00027610
0.00027789
0.00019057
0.00030543
0.00033680
0.00085083
0.00120166
0.00038460
0.00041732
0.00083205
0.00028136
0.00045126
0.00027839
0.00067059
0.00021352
0.00025216
0.00066235
0.00014114
0.00042439
0.00021189
0.00017963
0.00059280
0.00011257
0.00058107
0.00047912
0.00027689
0.00103120
0.00044347
0.00052924
0.00013631
0.00032232
0.00027611
0.00028709
0.00086306
0.00073276
0.00121491
0.00022810
0.00036688
0.00023182
0.00049185
0.00011935
0.00012336
0.00022099
0.00023178
0.00027316
0.00036460
0.00029827
0.00016513
0.00030338
0.00145946
0.00022378
0.00027232
0.00014503
0.00056937
0.00011714
0.00086520
0.00031721
0.00058519
0.00034399
0.00036872
0.00039437
0.00081541
0.00064574
0.00012251
0.00019024
0.00026172
0.00022287
0.00025730
0.00051955
0.00044479
0.00057577
0.00023067
0.00025972
0.00048558
0.00016866
0.00012829
0.00092179
0.00067444
0.00029243
0.00038982
0.00032626
0.00015375
0.00037498
0.00015590
0.00009976
0.00023955
0.00039235
0.00030629
0.00031370
0.00021125
0.00013415
0.00050052
0.00020939
0.00015460
0.00030417
0.00037333
0.00116258
0.00024381
0.00051099
0.00031250
0.00011265
0.00012218
0.00008366
0.00073807
0.00049816
0.00037768
0.00035437
0.00064140
0.00017444
0.00037550
0.00056328
0.00062392
0.00052184
0.00021020
0.00028299
0.00043043
0.00029608
0.00027818
0.00022526
0.00042263
0.00023447
0.00036365
0.00029716
0.00027003
0.00109056
0.00043398
0.00046943
0.00047216
0.00031626
0.00028767
0.00028646
0.00081699
0.00059031
0.00044332
0.00029778
0.00074225
0.00022252
0.00080147
0.00046814
0.00030628
0.00030447
0.00015944
0.00024323
0.00035891
0.00095952
0.00042739
0.00026808
0.00036963
0.00036051
0.00034278
0.00054148
0.00025072
0.00058238
0.00017335
0.00021299
0.00019561
0.00066559
0.00008445
0.00023104
0.00023840
0.00027682
0.00021042
0.00076185
0.00135095
0.00046966
0.00038819
0.00045244
