# var_cnt : 5000
# step_cnt: 20
# var_mean: 0.00040740
0.00079810
0.00024603
0.00017458
0.00070004
0.00029473
0.00045152
0.00028326
0.00069795
0.00023614
0.00017371
0.00023888
0.00018379
0.00062721
0.00051121
0.00029786
0.00038426
0.00012853
0.00020676
0.00011641
0.00128844
0.00034411
0.00031634
0.00035740
0.00027032
0.00030041
0.00045319
0.00060594
0.00017863
0.00041943
0.00019418
0.00139322
0.00054913
0.00142089
0.00027214
0.00066618
0.00023832
0.00057701
0.00053743
0.00014268
0.00034308
0.00041483
0.00022993
0.00024034
0.00080910
0.00027750
0.00030325
0.00008611
0.00051925
0.00013244
0.00067542
0.00027336
0.00030775
0.00075871
0.00038292
0.00014424
0.00021346
0.00080757
0.00028251
0.00213433
0.00029562
0.00042267
0.00013917
0.00051619
0.00037327
0.00017620
0.00033648
0.00059815
0.00025048
0.00010343
0.00024875
0.00039702
0.00034439
0.00024683
0.00062794
0.00026501
0.00016662
0.00046484
0.00013641
0.00015241
0.00044084
0.00057204
0.00063888
0.00026646
0.00029784
0.00135949
0.00093348
0.00044110
0.00037136
0.00043709
0.00158022
0.00042086
0.00051610
0.00013400
0.00027204
0.00052712
0.00035796
0.00015487
0.00016053
0.00044813
0.00040841
0.00022741
0.00020081
0.00019251
0.00054223
0.00021467
0.00119870
0.00008178
0.00033975
0.00031651
0.00127563
0.00060170
0.00012893
0.00063305
0.00024011
0.00018017
0.00023202
0.00021008
0.00030660
0.00033359
0.00008653
0.00025911
0.00036589
0.00033385
0.00031858
0.00040814
0.00046091
0.00013170
0.00065788
0.00018874
0.00043892
0.00064256
0.00032181
0.00016776
0.00144435
0.00019352
0.00062066
0.00035415
0.00031198
0.00013588
0.00048527
0.00047813
0.00017503
0.00066906
0.00019116
0.00011053
0.00032642
0.00014421
0.00036214
0.00029698
0.00041635
0.00028805
0.00030620
0.00027032
0.00017123
0.00028514
0.00048609
0.00037500
0.00069336
0.00031138
0.00105544
0.00021702
0.00033796
0.00109807
0.00016550
0.00065625
0.00029204
0.00038726
0.00056184
0.00097708
0.00041155
0.00039192
0.00014504
0.00020408
0.00032246
0.00026080
0.00059575
0.00065685
0.00028830
0.00050687
0.00040179
0.00018133
0.00027890
0.00031069
0.00048112
0.00032657
0.00012464
0.00032792
0.00021198
0.00034431
0.00028030
0.00074876
0.00042787
0.00035368
0.00022180
0.00069724
0.00034046
0.00013240
0.00056287
0.00070452
0.00023888
0.00022808
0.00025836
0.00039025
0.00032077
0.00023757
0.00020855
0.00026389
0.00026074
0.00045113
0.00063489
0.00076103
0.00050354
0.00016816
0.00027835
0.00046792
0.00023790
0.00028829
0.00008026
0.00021015
0.00033804
0.00037605
0.00019672
0.00036404
0.00022388
0.00031696
0.00043574
0.00020389
0.00008887
0.00017865
0.00030339
0.00022727
0.00029568
0.00046015
0.00015158
0.00033858
0.00021888
0.00066406
0.00053551
0.00071688
0.00039390
0.00015825
0.00060723
0.00048384
0.00018260
0.00033039
0.00027128
0.00051772
0.00020096
0.00060512
0.00049757
0.00043625
0.00127849
0.00035722
0.00060114
0.00036197
0.00064258
0.00036959
0.00048412
0.00046051
0.00120973
0.00040646
0.00036345
0.00053109
0.00010345
0.00027986
0.00042553
0.00030680
0.00038329
0.00022442
0.00018072
0.00019950
0.00021501
0.00069018
0.00056682
0.00026296
0.00080111
0.00024108
0.00019479
0.00050189
0.00030973
0.00091732
0.00073774
0.00025965
0.00051499
0.00057944
0.00086126
0.00027551
0.00026661
0.00009806
0.00019144
0.00045030
0.00021643
0.00036685
0.00015076
0.00053609
0.00022695
0.00011034
0.00018376
0.00046223
0.00065989
0.00059464
0.00029817
0.00042354
0.00053886
0.00026361
0.00015364
0.00071403
0.00053333
0.00088545
0.00026090
0.00014497
0.00064191
0.00061967
0.00040524
0.00018469
0.00051262
0.00063218
0.00038472
0.00062685
0.00028480
0.00054926
0.00024115
0.00042828
0.00041084
0.00047603
0.00022696
0.00041085
0.00059503
0.00025818
0.00036139
0.00060244
0.00021658
0.00082136
0.00015907
0.00033960
0.00032295
0.00049804
0.00042348
0.00036883
0.00028221
0.00035683
0.00037376
0.00028361
0.00034161
0.00007656
0.00018460
0.00068705
0.00039181
0.00022557
0.00026936
0.00072575
0.00014079
0.00023448
0.00029827
0.00019015
0.00018435
0.00077530
0.00027594
0.00011070
0.00012545
0.00060409
0.00018910
0.00018639
0.00009292
0.00030321
0.00025974
0.00032580
0.00042967
0.00013915
0.00023913
0.00026262
0.00013994
0.00026750
0.00030915
0.00044238
0.00030897
0.00027173
0.00023345
0.00031127
0.00030010
0.00014181
0.00017335
0.00017643
0.00067523
0.00007524
0.00069948
0.00098487
0.00025398
0.00062395
0.00015703
0.00020541
0.00049117
0.00013454
0.00035394
0.00036326
0.00067427
0.00022859
0.00023471
0.00008968
0.00008718
0.00022989
0.00025419
0.00044717
0.00015154
0.00033079
0.00035631
0.00019028
0.00037681
0.00039570
0.00013346
0.00066331
0.00021607
0.00022593
0.00047565
0.00019210
0.00031839
0.00064797
0.00025651
0.00048327
0.00018287
0.00027719
0.00025075
0.00051429
0.00021266
0.00077656
0.00023952
0.00022426
0.00055949
0.00069378
0.00014766
0.00013029
0.00027011
0.00008157
0.00125406
0.00060269
0.00036829
0.00034354
0.00014776
0.00214092
0.00090659
0.00051057
0.00012960
0.00055932
0.00015728
0.00042657
0.00031205
0.00013180
0.00030393
0.00025540
0.00019608
0.00041270
0.00015931
0.00012422
0.00056879
0.00064026
0.00066165
0.00037267
0.00042389
0.00018405
0.00032641
0.00091556
0.00038659
0.00071303
0.00019695
0.00040424
0.00059936
0.00018069
0.00032904
0.00032193
0.00033328
0.00034329
0.00013682
0.00080990
0.00045250
0.00060178
0.00042659
0.00042477
0.00043490
0.00024096
0.00023192
0.00038136
0.00025177
0.00081344
0.00028379
0.00045163
0.00025843
0.00012808
0.00013728
0.00017204
0.00038585
0.00023973
0.00036074
0.00023734
0.00014843
0.00017090
0.00019634
0.00012725
0.00022095
0.00030989
0.00014987
0.00012023
0.00018895
0.00026416
0.00061586
0.00035452
0.00063181
0.00025658
0.00020959
0.00044168
0.00090167
0.00041909
0.00015662
0.00044076
0.00064330
0.00025802
0.00030599
0.00015134
0.00019192
0.00072887
0.00022322
0.00074440
0.00036681
0.00050016
0.00024372
0.00013346
0.00012704
0.00125103
0.00047159
0.00071384
0.00061459
0.00049203
0.00032713
0.00029647
0.00012732
0.00033061
0.00016905
0.00043431
0.00020030
0.00035462
0.00017355
0.00051586
0.00124474
0.00076925
0.00044995
0.00040103
0.00089171
0.00020534
0.00049567
0.00015849
0.00069563
0.00021743
0.00030899
0.00042106
0.00038974
0.00086893
0.00014305
0.00040950
0.00052819
0.00034122
0.00031156
0.00023498
0.00008323
0.00022912
0.00044096
0.00025043
0.00021905
0.00133380
0.00022938
0.00128680
0.00058209
0.00014537
0.00065169
0.00083269
0.00022194
0.00071666
0.00021502
0.00034172
0.00086538
0.00052941
0.00073002
0.00024813
0.00028900
0.00058736
0.00059997
0.00046403
0.00222712
0.00042856
0.00012319
0.00044656
0.00038179
0.00027702
0.00018042
0.00019524
0.00021407
0.00058934
0.00052807
0.00036409
0.00035149
0.00034899
0.00045040
0.00020118
0.00010129
0.00030712
0.00028178
0.00075914
0.00019216
0.00140916
0.00037523
0.00047187
0.00033864
0.00032436
0.00039381
0.00018739
0.00035244
0.00043994
0.00034440
0.00028583
0.00031425
0.00044380
0.00044368
0.00081786
0.00024403
0.00064265
0.00020546
0.00041096
0.00056656
0.00012541
0.00036691
0.00033760
0.00085981
0.00030231
0.00025135
0.00133744
0.00020945
0.00029556
0.00035668
0.00107067
0.00024470
0.00022172
0.00019405
0.00012244
0.00014170
0.00030056
0.00041109
0.00040364
0.00106044
0.00185417
0.00021550
0.00070405
0.00008585
0.00030231
0.00050361
0.00016148
0.00011495
0.00029202
0.00049476
0.00130740
0.00039069
0.00026206
0.00036972
0.00027507
0.00049576
0.00048736
0.00019833
0.00010367
0.00033914
0.00210579
0.00051118
0.00046941
0.00066137
0.00063152
0.00020731
0.00051973
0.00018256
0.00098935
0.00010705
0.00021570
0.00053442
0.00090938
0.00022722
0.00081800
0.00027711
0.00093779
0.00058979
0.00066734
0.00014331
0.00033362
0.00025745
0.00036289
0.00018154
0.00035367
0.00013464
0.00008071
0.00015635
0.00061310
0.00024307
0.00067468
0.00060873
0.00040111
0.00088093
0.00038772
0.00022784
0.00063731
0.00027358
0.00039480
0.00026323
0.00272987
0.00058114
0.00035661
0.00035203
0.00156116
0.00041733
0.00123288
0.00042152
0.00057822
0.00017230
0.00012038
0.00038218
0.00036202
0.00088143
0.00035251
0.00014130
0.00177235
0.00033031
0.00031506
0.00054011
0.00027910
0.00016549
0.00037601
0.00024087
0.00055259
0.00054654
0.00049360
0.00016429
0.00047220
0.00045471
0.00024191
0.00015107
0.00097203
0.00038121
0.00023203
0.00066345
0.00036371
0.00029926
0.00033044
0.00074026
0.00011980
0.00031410
0.00014044
0.00058601
0.00037712
0.00062021
0.00011433
0.00022526
0.00046174
0.00019297
0.00013190
0.00030492
0.00029351
0.00020718
0.00021249
0.00071905
0.00032690
0.00053368
0.00021421
0.00076285
0.00027417
0.00015866
0.00031504
0.00065539
0.00013321
0.00013350
0.00083395
0.00052171
0.00061418
0.00024700
0.00010273
0.00024699
0.00010867
0.00056288
0.00020469
0.00031510
0.00022456
0.00018008
0.00047807
0.00022863
0.00038734
0.00057739
0.00023217
0.00050842
0.00034354
0.00022598
0.00029978
0.00026493
0.00016721
0.00051313
0.00057292
0.00098270
0.00058837
0.00032187
0.00048290
0.00020999
0.00041014
0.00017547
0.00094328
0.00021454
0.00034768
0.00024949
0.00165565
0.00024947
0.00016746
0.00026092
0.00028326
0.00057967
0.00036762
0.00018623
0.00026810
0.00038518
0.00012603
0.00069618
0.00053337
0.00030077
0.00052398
0.00024750
0.00033778
0.00033504
0.00081709
0.00047760
0.00042339
0.00024959
0.00028495
0.00042129
0.00037775
0.00015131
0.00026112
0.00015869
0.00037872
0.00043699
0.00048148
0.00061654
0.00051836
0.00035518
0.00042797
0.00021317
0.00041666
0.00007928
0.00035908
0.00024281
0.00020857
0.00019125
0.00013314
0.00024048
0.00036839
0.00032642
0.00041961
0.00031540
0.00019582
0.00015673
0.00105665
0.00046996
0.00032539
0.00090910
0.00090807
0.00020178
0.00031591
0.00025928
0.00063253
0.00050957
0.00017388
0.00006082
0.00079236
0.00027538
0.00049114
0.00050926
0.00008345
0.00184353
0.00014203
0.00021291
0.00039392
0.00028651
0.00010491
0.00024502
0.00036651
0.00037762
0.00036703
0.00030100
0.00043498
0.00029354
0.00022777
0.00030221
0.00022057
0.00053861
0.00025418
0.00019703
0.00075588
0.00011719
0.00025090
0.00022542
0.00036109
0.00015305
0.00050099
0.00036531
0.00035282
0.00047355
0.00022768
0.00042576
0.00018552
0.00061307
0.00008594
0.00051128
0.00027938
0.00014556
0.00024888
0.00022141
0.00027451
0.00044766
0.00033386
0.00057100
0.00029823
0.00042192
0.00049488
0.00025290
0.00010597
0.00044236
0.00017360
0.00023987
0.00034844
0.00029895
0.00033042
0.00036643
0.00015165
0.00271450
0.00041650
0.00042429
0.00023974
0.00074267
0.00080482
0.00046830
0.00025573
0.00040509
0.00055293
0.00009153
0.00019111
0.00021605
0.00186727
0.00032612
0.00013189
0.00032465
0.00025358
0.00041846
0.00046766
0.00023518
0.00019533
0.00049237
0.00038863
0.00015387
0.00060599
0.00023046
0.00048380
0.00030186
0.00028871
0.00063604
0.00021181
0.00064021
0.00011021
0.00020171
0.00045501
0.00008235
0.00016284
0.00027708
0.00028981
0.00060963
0.00027462
0.00019199
0.00036326
0.00076238
0.00087814
0.00039568
0.00022983
0.00070075
0.00031801
0.00013590
0.00044697
0.00104147
0.00021276
0.00023731
0.00030511
0.00016245
0.00020273
0.00038266
0.00015943
0.00021222
0.00007228
0.00091104
0.00029949
0.00022808
0.00013533
0.00011649
0.00028213
0.00044184
0.00019345
0.00014675
0.00068542
0.00021686
0.00024300
0.00147988
0.00110889
0.00102543
0.00024176
0.00043333
0.00038291
0.00026870
0.00425125
0.00026158
0.00007985
0.00018971
0.00027096
0.00044846
0.00036222
0.00013292
0.00022572
0.00019875
0.00021871
0.00027636
0.00052838
0.00014760
0.00035646
0.00015790
0.00037058
0.00018637
0.00031895
0.00011213
0.00054232
0.00026557
0.00023601
0.00024163
0.00023784
0.00029754
0.00018720
0.00058469
0.00023187
0.00015740
0.00029468
0.00052028
0.00048936
0.00015637
0.00032853
0.00020829
0.00010371
0.00025580
0.00054238
0.00047598
0.00015187
0.00038002
0.00052929
0.00017775
0.00034484
0.00030062
0.00069694
0.00107471
0.00040777
0.00020571
0.00064167
0.00011545
0.00031916
0.00050004
0.00038133
0.00099798
0.00024373
0.00094220
0.00010654
0.00059846
0.00061097
0.00011192
0.00026805
0.00018587
0.00009313
0.00008830
0.00029223
0.00024155
0.00016792
0.00014635
0.00022107
0.00012077
0.00050092
0.00061843
0.00046346
0.00026748
0.00014706
0.00011437
0.00036276
0.00037261
0.00021081
0.00084246
0.00017617
0.00020316
0.00032687
0.00019963
0.00057905
0.00041162
0.00030137
0.00032146
0.00057871
0.00025797
0.00023226
0.00052943
0.00030924
0.00036387
0.00134894
0.00041895
0.00032282
0.00015449
0.00026206
0.00028426
0.00045408
0.00026957
0.00035200
0.00018651
0.00030894
0.00030004
0.00058786
0.00073993
0.00012652
0.00042433
0.00132293
0.00141419
0.00015230
0.00101797
0.00078736
0.00033400
0.00014443
0.00016679
0.00027205
0.00036295
0.00022320
0.00034843
0.00024471
0.00050916
0.00021919
0.00030709
0.00020731
0.00018273
0.00014998
0.00104424
0.00034568
0.00029001
0.00040779
0.00014095
0.00019765
0.00012036
0.00032218
0.00015055
0.00067721
0.00084132
0.00068757
0.00036060
0.00015299
0.00010402
0.00020996
0.00019248
0.00027860
0.00038793
0.00021209
0.00044793
0.00012678
0.00123847
0.00040069
0.00060247
0.00041605
0.00021833
0.00036100
0.00025808
0.00101999
0.00039944
0.00017668
0.00021689
0.00018626
0.00029487
0.00029006
0.00013794
0.00047559
0.00018534
0.00038220
0.00037002
0.00013656
0.00052932
0.00059650
0.00042757
0.00023361
0.00067337
0.00057637
0.00019052
0.00025092
0.00028385
0.00066567
0.00072999
0.00042197
0.00063101
0.00017277
0.00020528
0.00047226
0.00039796
0.00024931
0.00023711
0.00017378
0.00019153
0.00043690
0.00052998
0.00015840
0.00067143
0.00017506
0.00037431
0.00016825
0.00036005
0.00150617
0.00059440
0.00016062
0.00035714
0.00052397
0.00033645
0.00025686
0.00021181
0.00056609
0.00156310
0.00033521
0.00051116
0.00042285
0.00012202
0.00022790
0.00013888
0.00075263
0.00070645
0.00033052
0.00026351
0.00034079
0.00042639
0.00026798
0.00042109
0.00031127
0.00042839
0.00089274
0.00025564
0.00048461
0.00026802
0.00017235
0.00027576
0.00050169
0.00017608
0.00016445
0.00023155
0.00058922
0.00063852
0.00021467
0.00030609
0.00024035
0.00022110
0.00025365
0.00020301
0.00078538
0.00064265
0.00014223
0.00027617
0.00058717
0.00016444
0.00020053
0.00034548
0.00026583
0.00064867
0.00021433
0.00026683
0.00024322
0.00032854
0.00030189
0.00014720
0.00021411
0.00027497
0.00015687
0.00014638
0.00124368
0.00022857
0.00032970
0.00012538
0.00169353
0.00071568
0.00016703
0.00016653
0.00025672
0.00013333
0.00040216
0.00123224
0.00024171
0.00047104
0.00102892
0.00034931
0.00045263
0.00035968
0.00041410
0.00028083
0.00015280
0.00154441
0.00021875
0.00056865
0.00038184
0.00034266
0.00026444
0.00018034
0.00041785
0.00023711
0.00035204
0.00016243
0.00022552
0.00010312
0.00069899
0.00013450
0.00015833
0.00072321
0.00022376
0.00033988
0.00017049
0.00035636
0.00043071
0.00039090
0.00018977
0.00040926
0.00035435
0.00048184
0.00015779
0.00010634
0.00039526
0.00019345
0.00016190
0.00019205
0.00020542
0.00020613
0.00028934
0.00027825
0.00061363
0.00026354
0.00016410
0.00045456
0.00011953
0.00021665
0.00018702
0.00066231
0.00056178
0.00012211
0.00015620
0.00045908
0.00021064
0.00026324
0.00031948
0.00060817
0.00032299
0.00012628
0.00014532
0.00027349
0.00015639
0.00029316
0.00026122
0.00044002
0.00032558
0.00023205
0.00017641
0.00032733
0.00080131
0.00039559
0.00018137
0.00044926
0.00015030
0.00013820
0.00030245
0.00061743
0.00013668
0.00029917
0.00071115
0.00018924
0.00030247
0.00038280
0.00025169
0.00040504
0.00016094
0.00008165
0.00073503
0.00179196
0.00016966
0.00029034
0.00078198
0.00065286
0.00061009
0.00053170
0.00024893
0.00022550
0.00045180
0.00018045
0.00051474
0.00045475
0.00022142
0.00035230
0.00016789
0.00025585
0.00067940
0.00012908
0.00023517
0.00031994
0.00027092
0.00009046
0.00035067
0.00025216
0.00043087
0.00034747
0.00045447
0.00074024
0.00073204
0.00063515
0.00076291
0.00018131
0.00010858
0.00042028
0.00046291
0.00077773
0.00038900
0.00013087
0.00009926
0.00035469
0.00042478
0.00038075
0.00023662
0.00030496
0.00056090
0.00010659
0.00041972
0.00072210
0.00029128
0.00026552
0.00034916
0.00024331
0.00043978
0.00045116
0.00012823
0.00042153
0.00042915
0.00017336
0.00015855
0.00023660
0.00031237
0.00035365
0.00015569
0.00060070
0.00021709
0.00054930
0.00011378
0.00039760
0.00063346
0.00042432
0.00025471
0.00059481
0.00039516
0.00067837
0.00058987
0.00027876
0.00022388
0.00034325
0.00019429
0.00021220
0.00052556
0.00070063
0.00016856
0.00017056
0.00012592
0.00126643
0.00026648
0.00025405
0.00032009
0.00034138
0.00010982
0.00010022
0.00026209
0.00032768
0.00031551
0.00036361
0.00016059
0.00041510
0.00131792
0.00096189
0.00023478
0.00086848
0.00031612
0.00051965
0.00070942
0.00014558
0.00023048
0.00025034
0.00033070
0.00013262
0.00045914
0.00052673
0.00034286
0.00045052
0.00039457
0.00025955
0.00030944
0.00045977
0.00031202
0.00008555
0.00019333
0.00043340
0.00051556
0.00020875
0.00090492
0.00023133
0.00031435
0.00020872
0.00031325
0.00075606
0.00067204
0.00017602
0.00061587
0.00014915
0.00040174
0.00036251
0.00345476
0.00032599
0.00055930
0.00013123
0.00051866
0.00021957
0.00020384
0.00016711
0.00065297
0.00025939
0.00025888
0.00035211
0.00030432
0.00039156
0.00014339
0.00041208
0.00019905
0.00097967
0.00048211
0.00024410
0.00027258
0.00014764
0.00022412
0.00018685
0.00046541
0.00046528
0.00053441
0.00047479
0.00015186
0.00015465
0.00046055
0.00037646
0.00012343
0.00078327
0.00070318
0.00020071
0.00025218
0.00020063
0.00030496
0.00053772
0.00072776
0.00106115
0.00026747
0.00022050
0.00053230
0.00037320
0.00027387
0.00019785
0.00026520
0.00052664
0.00044743
0.00034420
0.00030297
0.00015947
0.00033175
0.00127984
0.00057372
0.00068893
0.00078915
0.00027126
0.00023254
0.00061504
0.00030719
0.00050421
0.00025613
0.00101504
0.00023258
0.00090828
0.00061578
0.00026968
0.00019536
0.00012407
0.00025729
0.00047716
0.00021113
0.00046833
0.00033154
0.00010682
0.00062710
0.00028497
0.00057978
0.00027045
0.00021006
0.00027070
0.00042477
0.00084353
0.00043248
0.00028331
0.00030347
0.00040007
0.00028073
0.00047829
0.00014121
0.00067222
0.00092730
0.00044174
0.00020435
0.00036731
0.00024751
0.00156376
0.00065633
0.00012386
0.00012204
0.00016193
0.00020158
0.00033304
0.00032350
0.00022991
0.00028449
0.00043014
0.00042167
0.00032388
0.00013621
0.00025424
0.00032435
0.00037755
0.00026997
0.00026943
0.00045881
0.00007665
0.00012777
0.00043146
0.00086026
0.00072658
0.00040104
0.00038535
0.00017471
0.00030677
0.00063551
0.00013392
0.00013303
0.00018130
0.00019884
0.00018896
0.00029588
0.00044868
0.00014562
0.00057190
0.00034404
0.00023279
0.00016740
0.00064211
0.00177206
0.00019182
0.00027562
0.00028306
0.00018708
0.00072028
0.00135430
0.00027591
0.00046516
0.00019535
0.00016945
0.00026802
0.00036778
0.00043736
0.00030088
0.00133973
0.00037266
0.00177472
0.00027759
0.00041527
0.00016477
0.00056779
0.00051364
0.00034437
0.00010247
0.00016752
0.00064063
0.00022483
0.00035593
0.00035544
0.00037021
0.00055458
0.00013240
0.00072770
0.00039660
0.00028620
0.00051332
0.00019786
0.00040184
0.00035594
0.00049552
0.00090947
0.00029197
0.00038130
0.00065473
0.00026641
0.00051332
0.00019818
0.00057268
0.00015158
0.00038880
0.00013366
0.00065722
0.00024836
0.00033876
0.00029626
0.00189437
0.00040704
0.00052911
0.00029056
0.00139266
0.00023253
0.00023685
0.00036684
0.00030218
0.00032647
0.00168962
0.00016468
0.00030625
0.00012736
0.00029340
0.00031384
0.00031500
0.00011412
0.00046420
0.00075389
0.00089539
0.00012853
0.00016631
0.00040901
0.00017609
0.00033094
0.00032446
0.00024177
0.00208019
0.00048968
0.00062631
0.00024289
0.00098377
0.00207235
0.00035222
0.00173284
0.00029174
0.00020081
0.00024368
0.00099864
0.00024056
0.00113827
0.00138974
0.00032415
0.00056115
0.00010409
0.00028962
0.00034052
0.00022037
0.00057965
0.00047458
0.00045994
0.00015467
0.00046706
0.00008881
0.00044077
0.00028545
0.00033237
0.00032931
0.00204619
0.00012715
0.00050389
0.00022847
0.00016298
0.00017316
0.00011176
0.00221676
0.00036933
0.00035081
0.00064633
0.00028488
0.00028036
0.00063752
0.00038103
0.00018163
0.00151925
0.00021695
0.00050009
0.00069936
0.00048376
0.00026913
0.00036623
0.00014741
0.00036732
0.00013973
0.00047501
0.00053758
0.00038329
0.00026700
0.00051371
0.00030259
0.00048167
0.00025727
0.00026305
0.00032036
0.00039718
0.00057514
0.00028735
0.00026639
0.00036482
0.00017185
0.00036138
0.00016479
0.00031267
0.00038015
0.00029965
0.00024154
0.00043263
0.00020285
0.00057073
0.00015561
0.00025909
0.00058197
0.00065179
0.00043797
0.00013432
0.00039803
0.00158097
0.00018274
0.00019598
0.00049684
0.00016088
0.00032958
0.00027661
0.00024225
0.00177593
0.00011138
0.00033206
0.00011224
0.00018122
0.00031643
0.00028747
0.00042907
0.00024574
0.00019422
0.00035922
0.00022412
0.00023875
0.00071533
0.00104587
0.00032473
0.00052761
0.00019042
0.00013876
0.00064399
0.00067534
0.00026658
0.00018673
0.00032228
0.00052353
0.00023822
0.00061881
0.00036776
0.00029782
0.00038614
0.00051590
0.00025366
0.00079174
0.00072894
0.00013596
0.00028746
0.00015680
0.00026091
0.00047978
0.00039140
0.00028776
0.00021847
0.00103028
0.00007424
0.00022825
0.00066611
0.00086315
0.00076431
0.00048625
0.00030043
0.00016705
0.00026520
0.00114867
0.00066962
0.00054313
0.00017488
0.00035838
0.00018149
0.00043489
0.00021139
0.00053346
0.00023294
0.00062927
0.00024103
0.00015551
0.00051894
0.00031578
0.00031003
0.00015276
0.00016108
0.00015542
0.00032179
0.00015243
0.00023296
0.00049673
0.00021013
0.00023207
0.00033550
0.00012329
0.00028922
0.00021042
0.00051008
0.00029410
0.00031335
0.00053775
0.00023461
0.00021078
0.00022937
0.00053901
0.00054469
0.00031840
0.00068490
0.00009926
0.00037458
0.00032678
0.00019851
0.00045399
0.00053028
0.00011870
0.00017312
0.00048536
0.00043326
0.00010599
0.00033204
0.00005832
0.00013668
0.00054266
0.00037380
0.00020382
0.00040413
0.00033833
0.00023882
0.00015601
0.00031232
0.00038829
0.00023973
0.00037198
0.00025424
0.00020931
0.00035004
0.00052047
0.00034649
0.00060828
0.00016628
0.00011586
0.00086370
0.00014077
0.00045078
0.00052235
0.00032139
0.00030084
0.00017302
0.00043068
0.00031558
0.00010052
0.00012519
0.00027214
0.00056342
0.00039120
0.00031296
0.00048065
0.00028576
0.00082614
0.00017971
0.00031653
0.00028620
0.00034169
0.00022948
0.00226498
0.00098558
0.00033215
0.00049548
0.00024707
0.00026946
0.00041692
0.00143808
0.00020005
0.00045592
0.00064297
0.00062700
0.00024794
0.00035785
0.00052747
0.00024417
0.00077222
0.00017634
0.00042487
0.00018170
0.00017755
0.00111601
0.00061760
0.00026515
0.00172322
0.00036372
0.00017733
0.00032143
0.00031103
0.00033950
0.00016723
0.00041805
0.00064551
0.00064100
0.00021355
0.00024699
0.00027705
0.00014418
0.00106683
0.00022449
0.00029580
0.00033448
0.00020421
0.00030804
0.00034979
0.00012415
0.00035668
0.00013758
0.00063788
0.00029671
0.00018281
0.00041554
0.00101748
0.00035218
0.00033165
0.00039705
0.00016973
0.00015934
0.00016135
0.00034471
0.00050719
0.00028492
0.00036709
0.00010428
0.00046752
0.00018118
0.00031838
0.00022419
0.00116632
0.00021734
0.00056233
0.00019994
0.00036863
0.00028913
0.00020424
0.00018990
0.00012591
0.00060432
0.00010687
0.00073153
0.00044086
0.00014551
0.00158224
0.00037186
0.00032611
0.00022260
0.00018240
0.00018028
0.00019260
0.00044502
0.00036688
0.00025190
0.00020427
0.00046768
0.00030760
0.00024121
0.00026727
0.00084930
0.00121794
0.00040886
0.00055241
0.00021482
0.00039993
0.00028574
0.00020749
0.00068021
0.00019680
0.00046509
0.00039768
0.00020029
0.00045828
0.00037261
0.00010603
0.00023046
0.00038167
0.00037869
0.00028878
0.00048322
0.00061862
0.00088924
0.00032108
0.00053921
0.00028167
0.00033995
0.00025634
0.00032366
0.00078690
0.00065738
0.00020071
0.00109612
0.00014862
0.00010662
0.00035993
0.00076453
0.00012290
0.00031303
0.00041672
0.00045675
0.00080425
0.00031155
0.00055758
0.00126719
0.00050554
0.00014363
0.00067838
0.00011149
0.00027630
0.00011254
0.00085909
0.00025816
0.00102088
0.00012559
0.00054014
0.00036187
0.00033492
0.00040330
0.00041182
0.00034923
0.00022245
0.00040932
0.00022779
0.00054523
0.00013140
0.00046167
0.00023385
0.00035615
0.00040667
0.00016863
0.00058248
0.00018268
0.00035860
0.00020899
0.00032586
0.00011269
0.00076102
0.00035479
0.00019314
0.00043630
0.00038649
0.00066213
0.00041940
0.00046054
0.00045705
0.00048049
0.00038566
0.00022423
0.00120781
0.00016363
0.00051486
0.00014738
0.00048444
0.00045926
0.00020327
0.00040447
0.00011408
0.00091451
0.00037203
0.00034254
0.00031866
0.00027096
0.00037665
0.00063477
0.00037679
0.00022778
0.00033501
0.00011771
0.00038765
0.00056882
0.00031629
0.00039074
0.00029467
0.00017271
0.00040477
0.00049864
0.00048280
0.00018267
0.00029641
0.00016730
0.00045882
0.00026599
0.00055525
0.00019035
0.00019304
0.00086862
0.00065928
0.00072809
0.00027391
0.00016374
0.00037774
0.00034702
0.00016836
0.00012137
0.00060297
0.00039861
0.00041982
0.00020638
0.00100269
0.00048643
0.00020129
0.00041768
0.00039339
0.00023418
0.00061123
0.00075291
0.00079667
0.00052822
0.00056187
0.00015556
0.00071523
0.00019782
0.00052483
0.00017810
0.00015946
0.00082102
0.00043085
0.00097483
0.00014115
0.00017076
0.00032702
0.00068380
0.00033948
0.00018647
0.00041036
0.00016637
0.00114371
0.00062735
0.00061409
0.00015156
0.00026904
0.00092117
0.00052631
0.00025191
0.00021097
0.00084790
0.00022326
0.00019018
0.00105314
0.00036584
0.00067205
0.00042877
0.00023229
0.00058438
0.00016602
0.00059577
0.00019972
0.00017050
0.00018304
0.00031255
0.00016917
0.00310775
0.00034064
0.00047467
0.00082246
0.00037833
0.00031035
0.00039867
0.00026432
0.00054430
0.00060423
0.00034438
0.00042616
0.00021815
0.00054407
0.00044679
0.00034217
0.00041323
0.00012456
0.00027659
0.00025354
0.00033837
0.00027739
0.00080080
0.00019599
0.00071118
0.00056005
0.00016216
0.00037717
0.00079340
0.00020818
0.00009204
0.00096929
0.00017659
0.00036925
0.00020525
0.00059181
0.00084805
0.00069208
0.00031139
0.00020726
0.00082260
0.00035190
0.00075498
0.00016772
0.00041655
0.00016941
0.00037153
0.00050841
0.00025097
0.00041337
0.00041113
0.00116626
0.00060476
0.00020347
0.00123489
0.00014900
0.00022092
0.00028486
0.00056540
0.00055349
0.00046055
0.00025796
0.00009396
0.00031071
0.00043973
0.00014549
0.00011930
0.00071794
0.00046659
0.00042943
0.00054653
0.00068418
0.00026787
0.00045633
0.00013660
0.00039751
0.00076678
0.00061271
0.00031890
0.00023995
0.00013728
0.00027925
0.00055417
0.00024867
0.00064911
0.00014480
0.00025101
0.00026910
0.00037322
0.00033743
0.00043800
0.00047932
0.00019013
0.00125611
0.00070622
0.00069197
0.00089340
0.00047300
0.00029171
0.00036075
0.00026899
0.00157882
0.00019199
0.00014860
0.00018215
0.00090189
0.00006211
0.00036206
0.00007608
0.00048857
0.00338444
0.00031782
0.00058042
0.00039343
0.00224654
0.00018583
0.00078355
0.00024348
0.00018454
0.00035338
0.00015987
0.00051888
0.00054260
0.00035445
0.00033290
0.00017318
0.00033338
0.00127515
0.00010607
0.00014544
0.00028747
0.00038848
0.00037902
0.00039705
0.00044240
0.00014515
0.00009603
0.00035323
0.00036673
0.00028957
0.00071168
0.00022749
0.00012917
0.00028164
0.00039631
0.00011660
0.00037283
0.00020234
0.00231008
0.00029926
0.00030368
0.00059337
0.00064842
0.00029639
0.00023223
0.00023515
0.00192720
0.00015770
0.00038581
0.00021023
0.00037925
0.00026988
0.00023548
0.00014238
0.00031118
0.00047385
0.00054008
0.00072855
0.00014430
0.00032441
0.00017977
0.00050571
0.00030674
0.00021451
0.00064361
0.00028059
0.00021748
0.00052500
0.00124500
0.00023361
0.00015152
0.00072854
0.00018444
0.00008673
0.00019396
0.00052193
0.00059294
0.00048827
0.00014596
0.00036722
0.00018034
0.00031219
0.00009756
0.00020189
0.00061538
0.00021873
0.00024047
0.00079485
0.00017511
0.00020005
0.00028355
0.00032046
0.00077539
0.00031426
0.00030164
0.00017599
0.00032935
0.00050105
0.00015237
0.00059594
0.00026139
0.00111658
0.00144834
0.00022859
0.00018259
0.00049603
0.00033792
0.00056722
0.00026143
0.00012475
0.00024515
0.00065917
0.00058666
0.00046651
0.00065281
0.00063827
0.00069726
0.00052591
0.00120975
0.00334409
0.00023572
0.00034272
0.00034373
0.00016697
0.00043092
0.00040315
0.00044516
0.00016240
0.00056170
0.00044686
0.00194718
0.00032892
0.00013261
0.00035720
0.00048839
0.00051751
0.00020789
0.00129505
0.00037526
0.00055846
0.00033355
0.00106652
0.00017971
0.00019611
0.00067676
0.00022267
0.00076710
0.00017836
0.00024907
0.00254753
0.00030939
0.00060992
0.00027970
0.00034814
0.00078001
0.00037989
0.00028654
0.00050011
0.00041717
0.00024029
0.00037476
0.00028164
0.00024904
0.00062210
0.00031479
0.00011786
0.00041537
0.00023846
0.00031114
0.00066350
0.00064240
0.00076277
0.00033320
0.00033282
0.00022666
0.00024339
0.00057003
0.00029214
0.00023773
0.00025845
0.00056801
0.00051633
0.00017656
0.00033126
0.00020335
0.00019499
0.00013131
0.00053602
0.00054119
0.00057454
0.00009204
0.00010676
0.00020330
0.00013011
0.00022239
0.00039355
0.00047656
0.00037776
0.00041675
0.00013189
0.00046108
0.00068234
0.00124652
0.00032520
0.00075989
0.00023928
0.00028544
0.00046484
0.00043436
0.00021032
0.00030778
0.00036626
0.00041879
0.00083653
0.00024614
0.00014182
0.00052889
0.00046086
0.00057359
0.00051458
0.00077014
0.00035294
0.00031933
0.00081896
0.00047039
0.00020533
0.00037188
0.00025870
0.00027841
0.00071174
0.00055781
0.00023720
0.00068509
0.00045123
0.00026969
0.00014976
0.00027935
0.00034332
0.00043035
0.00044018
0.00067089
0.00032393
0.00072704
0.00127298
0.00015274
0.00084418
0.00063772
0.00042936
0.00039762
0.00026733
0.00092510
0.00012282
0.00076000
0.00020679
0.00023139
0.00027029
0.00016859
0.00040830
0.00036726
0.00073268
0.00012638
0.00043772
0.00011920
0.00020487
0.00027556
0.00032337
0.00067659
0.00061710
0.00045588
0.00023732
0.00027968
0.00013805
0.00094415
0.00109558
0.00028855
0.00050460
0.00040636
0.00029246
0.00033405
0.00035390
0.00018607
0.00011775
0.00031853
0.00021491
0.00033972
0.00053245
0.00025841
0.00021287
0.00015359
0.00024228
0.00048155
0.00049491
0.00088427
0.00060320
0.00012007
0.00027900
0.00019450
0.00042337
0.00119566
0.00014990
0.00047212
0.00067223
0.00015932
0.00046931
0.00031984
0.00012536
0.00036197
0.00029747
0.00038304
0.00027480
0.00013858
0.00020487
0.00032830
0.00030106
0.00033591
0.00009387
0.00023242
0.00059383
0.00053090
0.00008369
0.00072681
0.00016189
0.00043095
0.00031580
0.00096678
0.00033279
0.00025105
0.00013216
0.00027935
0.00047782
0.00028671
0.00052688
0.00052920
0.00051391
0.00035349
0.00057100
0.00031876
0.00044203
0.00032098
0.00022701
0.00010126
0.00040883
0.00032957
0.00035005
0.00048661
0.00029917
0.00013950
0.00016857
0.00009782
0.00021993
0.00050777
0.00048691
0.00027446
0.00022494
0.00017804
0.00088419
0.00011074
0.00039475
0.00026345
0.00012387
0.00074135
0.00046104
0.00103750
0.00085414
0.00048688
0.00023848
0.00014960
0.00030827
0.00093387
0.00062575
0.00061619
0.00025976
0.00030971
0.00054107
0.00018966
0.00032262
0.00022683
0.00022019
0.00101415
0.00020163
0.00039039
0.00037107
0.00019541
0.00020085
0.00016790
0.00036876
0.00025709
0.00025756
0.00059349
0.00053506
0.00035848
0.00046931
0.00043722
0.00032650
0.00037932
0.00034939
0.00016471
0.00023847
0.00021196
0.00015151
0.00010488
0.00036639
0.00025943
0.00036812
0.00040247
0.00102728
0.00027987
0.00039386
0.00030584
0.00024094
0.00046578
0.00048501
0.00049360
0.00027083
0.00015791
0.00028006
0.00082064
0.00011006
0.00176285
0.00014786
0.00020860
0.00016233
0.00012367
0.00023301
0.00044904
0.00030467
0.00088157
0.00037457
0.00027840
0.00039701
0.00082326
0.00017637
0.00023585
0.00017356
0.00028888
0.00011399
0.00043676
0.00010615
0.00021936
0.00030390
0.00036610
0.00113677
0.00039139
0.00066064
0.00039869
0.00056799
0.00025599
0.00010516
0.00012713
0.00055956
0.00103197
0.00024594
0.00019952
0.00018773
0.00036909
0.00033177
0.00059175
0.00048942
0.00016314
0.00027903
0.00047120
0.00026393
0.00030837
0.00068185
0.00069403
0.00012771
0.00026652
0.00023395
0.00077931
0.00074822
0.00016769
0.00082151
0.00042940
0.00021967
0.00018612
0.00035811
0.00012507
0.00021478
0.00028333
0.00177969
0.00019489
0.00023157
0.00060200
0.00041078
0.00044391
0.00009409
0.00016649
0.00023249
0.00038126
0.00015865
0.00019327
0.00029544
0.00009358
0.00039803
0.00048720
0.00037481
0.00025048
0.00055323
0.00033271
0.00027545
0.00042187
0.00047615
0.00059311
0.00028954
0.00026492
0.00029336
0.00027154
0.00012925
0.00044074
0.00029271
0.00028214
0.00006845
0.00019638
0.00026413
0.00036371
0.00008457
0.00076901
0.00060672
0.00018444
0.00024173
0.00088069
0.00046740
0.00027586
0.00027511
0.00029970
0.00020785
0.00022236
0.00046609
0.00075110
0.00016588
0.00056825
0.00036179
0.00018401
0.00034198
0.00012031
0.00014578
0.00014724
0.00011393
0.00016768
0.00028216
0.00050676
0.00138876
0.00039452
0.00115756
0.00024098
0.00023932
0.00052986
0.00032556
0.00038700
0.00056603
0.00048278
0.00019775
0.00015241
0.00018589
0.00042272
0.00021658
0.00081218
0.00028495
0.00032798
0.00036106
0.00010268
0.00029776
0.00099407
0.00037756
0.00035840
0.00015293
0.00048312
0.00050718
0.00017976
0.00037059
0.00052913
0.00032149
0.00037605
0.00048951
0.00058726
0.00104739
0.00017327
0.00049494
0.00025610
0.00037034
0.00025976
0.00061344
0.00034237
0.00049511
0.00040626
0.00071995
0.00057914
0.00024831
0.00015803
0.00035708
0.00031085
0.00043106
0.00031528
0.00019287
0.00026098
0.00020126
0.00039519
0.00037830
0.00018445
0.00033983
0.00056585
0.00048424
0.00018155
0.00036437
0.00015536
0.00092677
0.00015339
0.00061374
0.00027932
0.00014640
0.00014343
0.00079976
0.00037677
0.00057023
0.00031492
0.00015094
0.00060280
0.00039831
0.00033406
0.00067021
0.00047398
0.00011654
0.00008869
0.00030749
0.00033194
0.00034670
0.00016653
0.00010892
0.00049612
0.00056250
0.00031228
0.00009482
0.00028961
0.00124296
0.00017573
0.00021703
0.00023717
0.00089674
0.00014805
0.00056603
0.00088958
0.00036079
0.00060908
0.00062206
0.00058235
0.00020940
0.00022191
0.00035583
0.00025087
0.00008129
0.00055983
0.00023181
0.00017648
0.00017610
0.00060282
0.00022270
0.00017330
0.00046390
0.00024728
0.00034725
0.00036716
0.00067061
0.00029015
0.00062569
0.00056855
0.00053923
0.00043304
0.00028638
0.00018613
0.00045976
0.00016912
0.00020604
0.00029216
0.00025104
0.00051228
0.00053003
0.00038522
0.00057444
0.00023833
0.00007585
0.00039237
0.00068464
0.00029809
0.00012300
0.00019516
0.00045000
0.00016078
0.00042853
0.00021185
0.00017961
0.00044678
0.00010930
0.00027314
0.00025989
0.00042921
0.00076165
0.00244236
0.00013617
0.00059618
0.00035709
0.00010511
0.00012193
0.00045809
0.00066095
0.00050808
0.00020999
0.00015648
0.00012993
0.00027357
0.00024870
0.00054654
0.00020332
0.00057555
0.00052716
0.00016209
0.00045713
0.00010902
0.00034513
0.00010328
0.00034593
0.00028282
0.00030093
0.00024455
0.00018659
0.00035407
0.00075212
0.00047415
0.00014176
0.00019734
0.00015575
0.00015575
0.00027860
0.00053137
0.00027191
0.00117407
0.00017688
0.00034821
0.00024756
0.00020060
0.00063954
0.00016913
0.00023905
0.00030570
0.00036327
0.00015105
0.00028383
0.00034455
0.00026955
0.00013149
0.00132301
0.00009756
0.00028232
0.00020556
0.00077540
0.00054823
0.00027009
0.00017776
0.00033495
0.00014875
0.00053378
0.00027148
0.00055073
0.00029093
0.00028181
0.00028728
0.00024617
0.00022589
0.00039479
0.00049214
0.00034642
0.00037067
0.00010502
0.00033269
0.00084411
0.00063081
0.00175949
0.00034455
0.00038312
0.00041561
0.00027954
0.00047477
0.00018825
0.00032095
0.00017715
0.00032814
0.00039756
0.00041466
0.00034809
0.00019726
0.00015044
0.00021058
0.00053441
0.00063066
0.00111370
0.00018299
0.00022594
0.00145342
0.00052665
0.00026130
0.00021962
0.00100119
0.00032219
0.00026486
0.00144178
0.00022035
0.00017435
0.00012783
0.00016582
0.00034280
0.00032038
0.00059896
0.00022186
0.00019391
0.00017934
0.00046916
0.00027765
0.00159622
0.00046375
0.00055168
0.00020357
0.00020990
0.00049413
0.00042332
0.00016982
0.00032063
0.00059590
0.00029007
0.00049020
0.00036723
0.00015297
0.00037687
0.00043176
0.00011116
0.00022967
0.00015684
0.00017879
0.00015216
0.00028576
0.00022666
0.00024437
0.00176874
0.00112731
0.00033478
0.00006766
0.00044690
0.00011005
0.00068167
0.00028173
0.00011364
0.00075796
0.00035632
0.00044608
0.00024588
0.00016612
0.00028550
0.00028994
0.00024225
0.00025881
0.00136017
0.00019377
0.00034573
0.00123581
0.00020173
0.00024604
0.00027551
0.00046451
0.00011633
0.00015926
0.00008443
0.00052618
0.00029151
0.00029185
0.00021257
0.00035778
0.00017183
0.00026848
0.00053416
0.00036630
0.00054825
0.00068246
0.00081155
0.00031857
0.00026298
0.00017211
0.00029551
0.00142469
0.00015952
0.00049309
0.00064823
0.00016442
0.00071020
0.00011036
0.00010989
0.00015102
0.00015837
0.00045220
0.00092937
0.00010546
0.00029330
0.00134760
0.00119028
0.00215769
0.00094469
0.00024016
0.00025391
0.00059802
0.00016654
0.00058631
0.00075090
0.00065919
0.00011379
0.00043983
0.00024939
0.00063854
0.00032609
0.00042095
0.00034147
0.00024593
0.00016735
0.00063179
0.00023059
0.00023108
0.00018690
0.00023192
0.00030074
0.00029406
0.00044484
0.00061369
0.00020205
0.00015353
0.00012395
0.00016878
0.00059684
0.00029677
0.00034670
0.00018963
0.00044519
0.00036192
0.00054649
0.00012857
0.00014242
0.00026661
0.00033848
0.00015568
0.00092524
0.00101676
0.00009092
0.00057634
0.00023150
0.00031593
0.00026994
0.00025299
0.00060021
0.00018347
0.00040370
0.00093166
0.00047275
0.00076433
0.00071927
0.00010709
0.00079471
0.00017534
0.00018225
0.00120081
0.00012374
0.00051115
0.00015971
0.00065637
0.00027791
0.00024290
0.00032720
0.00028585
0.00018266
0.00037213
0.00020984
0.00024271
0.00034094
0.00048896
0.00020236
0.00049444
0.00029911
0.00274094
0.00065001
0.00006843
0.00028728
0.00040906
0.00033045
0.00053803
0.00017207
0.00034046
0.00207027
0.00143846
0.00033792
0.00050823
0.00053521
0.00017960
0.00034413
0.00024733
0.00035563
0.00050713
0.00108937
0.00097965
0.00027724
0.00017973
0.00075707
0.00063957
0.00019918
0.00104259
0.00008118
0.00050386
0.00028292
0.00024684
0.00041464
0.00020034
0.00011617
0.00030064
0.00085219
0.00022722
0.00017984
0.00098313
0.00026532
0.00018428
0.00091289
0.00051285
0.00018993
0.00037081
0.00010363
0.00045669
0.00025511
0.00052380
0.00031561
0.00114731
0.00032024
0.00194522
0.00044163
0.00021347
0.00011284
0.00030798
0.00014755
0.00048919
0.00029443
0.00037407
0.00048681
0.00013033
0.00031439
0.00082429
0.00027947
0.00254675
0.00024890
0.00080264
0.00045167
0.00020710
0.00026368
0.00050711
0.00026225
0.00012976
0.00052374
0.00042349
0.00067279
0.00077025
0.00045999
0.00028725
0.00012691
0.00063785
0.00096945
0.00062795
0.00077065
0.00050182
0.00047726
0.00026473
0.00017780
0.00028024
0.00056816
0.00050752
0.00053919
0.00111744
0.00015269
0.00013611
0.00013574
0.00079391
0.00058415
0.00019002
0.00019404
0.00122983
0.00069341
0.00059142
0.00087698
0.00042245
0.00020500
0.00013918
0.00147165
0.00032608
0.00032173
0.00026758
0.00054369
0.00093845
0.00032442
0.00029680
0.00024482
0.00028991
0.00026810
0.00043624
0.00032259
0.00020813
0.00031892
0.00026644
0.00049693
0.00029806
0.00036675
0.00025201
0.00031908
0.00029877
0.00055566
0.00036647
0.00027701
0.00022380
0.00014919
0.00048736
0.00044242
0.00061057
0.00024547
0.00037686
0.00020981
0.00027805
0.00012984
0.00013357
0.00044189
0.00013722
0.00047285
0.00014236
0.00037289
0.00032979
0.00023530
0.00012493
0.00013218
0.00020031
0.00020011
0.00068047
0.00040246
0.00039155
0.00030370
0.00039251
0.00024383
0.00018137
0.00106945
0.00017309
0.00018572
0.00064196
0.00013257
0.00040070
0.00034074
0.00164260
0.00043217
0.00012205
0.00045019
0.00029313
0.00032739
0.00014085
0.00010967
0.00042706
0.00016242
0.00069002
0.00024538
0.00016218
0.00093287
0.00043936
0.00044443
0.00074076
0.00026621
0.00034415
0.00019861
0.00041375
0.00009631
0.00045058
0.00059514
0.00008463
0.00031662
0.00039577
0.00021727
0.00128923
0.00057318
0.00029671
0.00013907
0.00062187
0.00065463
0.00018554
0.00120344
0.00022031
0.00010486
0.00018488
0.00035264
0.00037586
0.00023643
0.00019978
0.00037422
0.00043049
0.00046056
0.00016291
0.00033264
0.00013868
0.00032416
0.00071776
0.00027422
0.00030327
0.00044271
0.00076147
0.00021025
0.00069875
0.00008641
0.00058973
0.00038800
0.00047802
0.00042203
0.00055487
0.00023263
0.00020701
0.00026134
0.00025312
0.00035310
0.00068674
0.00027395
0.00027674
0.00021405
0.00011875
0.00032289
0.00024512
0.00045960
0.00067516
0.00034717
0.00068876
0.00031044
0.00027410
0.00017556
0.00015533
0.00015349
0.00050246
0.00042763
0.00069838
0.00037885
0.00036768
0.00055731
0.00034117
0.00063277
0.00036046
0.00032671
0.00049939
0.00013930
0.00038114
0.00053475
0.00013154
0.00072053
0.00017275
0.00054585
0.00053548
0.00061933
0.00056479
0.00029685
0.00026481
0.00019208
0.00031881
0.00088310
0.00017934
0.00036238
0.00012407
0.00029957
0.00020855
0.00034153
0.00021098
0.00017211
0.00020331
0.00029803
0.00032618
0.00030201
0.00030364
0.00065192
0.00019848
0.00096482
0.00024162
0.00014040
0.00272399
0.00010912
0.00046480
0.00059086
0.00063932
0.00058126
0.00055686
0.00027976
0.00023632
0.00015299
0.00019136
0.00078920
0.00011943
0.00019866
0.00019113
0.00019997
0.00103761
0.00010872
0.00042030
0.00036230
0.00065412
0.00015529
0.00013080
0.00059977
0.00036322
0.00036086
0.00024496
0.00065031
0.00023786
0.00014830
0.00024603
0.00027623
0.00028200
0.00014031
0.00049432
0.00071395
0.00019574
0.00037719
0.00027968
0.00012188
0.00024795
0.00017174
0.00018737
0.00014042
0.00018798
0.00084857
0.00045726
0.00030616
0.00035591
0.00030307
0.00032690
0.00026543
0.00040727
0.00046752
0.00034904
0.00050577
0.00047869
0.00027202
0.00038482
0.00023802
0.00092066
0.00016518
0.00020759
0.00047095
0.00029377
0.00059088
0.00043341
0.00014404
0.00041701
0.00083097
0.00030899
0.00021410
0.00040728
0.00028735
0.00039277
0.00010248
0.00044353
0.00021698
0.00018647
0.00030423
0.00030987
0.00058852
0.00014597
0.00026181
0.00035875
0.00015784
0.00040242
0.00034698
0.00032727
0.00019711
0.00051551
0.00033944
0.00028852
0.00035528
0.00014716
0.00036561
0.00026721
0.00029490
0.00017032
0.00025017
0.00019138
0.00025953
0.00025925
0.00033098
0.00038163
0.00023078
0.00024486
0.00038129
0.00041015
0.00049585
0.00034266
0.00033396
0.00087610
0.00152795
0.00079719
0.00046737
0.00073766
0.00036460
0.00023533
0.00060868
0.00174504
0.00047175
0.00018166
0.00019999
0.00023935
0.00019377
0.00017195
0.00035260
0.00021209
0.00087026
0.00019326
0.00035476
0.00036872
0.00023072
0.00028650
0.00038758
0.00028863
0.00185003
0.00022443
0.00020711
0.00025495
0.00016305
0.00030388
0.00017049
0.00021164
0.00056376
0.00020988
0.00076531
0.00039335
0.00168613
0.00018943
0.00024382
0.00132185
0.00049575
0.00077798
0.00021292
0.00028586
0.00014962
0.00008667
0.00019388
0.00028399
0.00063519
0.00042381
0.00026115
0.00033637
0.00042135
0.00054152
0.00009021
0.00050858
0.00027473
0.00039413
0.00075616
0.00025619
0.00036153
0.00045321
0.00043840
0.00031411
0.00052847
0.00019685
0.00027109
0.00035800
0.00059480
0.00049274
0.00017246
0.00022472
0.00031237
0.00006316
0.00017107
0.00025932
0.00044368
0.00050874
0.00092282
0.00037162
0.00030018
0.00007762
0.00037830
0.00012564
0.00045477
0.00017842
0.00119172
0.00053346
0.00022751
0.00012423
0.00049189
0.00035688
0.00023620
0.00023039
0.00046929
0.00015419
0.00042896
0.00073137
0.00024702
0.00027032
0.00107356
0.00048131
0.00022299
0.00031332
0.00061128
0.00056077
0.00009592
0.00040557
0.00029367
0.00015530
0.00020378
0.00019420
0.00016871
0.00017002
0.00029011
0.00022430
0.00041276
0.00043148
0.00052816
0.00060912
0.00083350
0.00052119
0.00028610
0.00019923
0.00011468
0.00020398
0.00101002
0.00041235
0.00062769
0.00060897
0.00029642
0.00030782
0.00029103
0.00056875
0.00026506
0.00034409
0.00013109
0.00018318
0.00023322
0.00030167
0.00019294
0.00035830
0.00015332
0.00040346
0.00043472
0.00040604
0.00038309
0.00021500
0.00032863
0.00052724
0.00025672
0.00060556
0.00040905
0.00024175
0.00032245
0.00040536
0.00010909
0.00033271
0.00015668
0.00020345
0.00060741
0.00025402
0.00011624
0.00113224
0.00043268
0.00021652
0.00012204
0.00018603
0.00029441
0.00030280
0.00022996
0.00032991
0.00010622
0.00015067
0.00020441
0.00022091
0.00031258
0.00019771
0.00041879
0.00098235
0.00052497
0.00051140
0.00028896
0.00020830
0.00023968
0.00008713
0.00025187
0.00025280
0.00046116
0.00050888
0.00012922
0.00016473
0.00047651
0.00036218
0.00064406
0.00024111
0.00033250
0.00094760
0.00016354
0.00083819
0.00024650
0.00031349
0.00052229
0.00017652
0.00024260
0.00042779
0.00053560
0.00057231
0.00059654
0.00016018
0.00024918
0.00027774
0.00052415
0.00016987
0.00030960
0.00017421
0.00022613
0.00050251
0.00018454
0.00014729
0.00054486
0.00049668
0.00021466
0.00024351
0.00023530
0.00086646
0.00075069
0.00014024
0.00015901
0.00081598
0.00032405
0.00056215
0.00012869
0.00060863
0.00039161
0.00078699
0.00018941
0.00021020
0.00036841
0.00020138
0.00020100
0.00028593
0.00021198
0.00060070
0.00050640
0.00017400
0.00030630
0.00016362
0.00031913
0.00041562
0.00055865
0.00023769
0.00018499
0.00032655
0.00028627
0.00021378
0.00119099
0.00012342
0.00034969
0.00068727
0.00023452
0.00032104
0.00014867
0.00028199
0.00016918
0.00088022
0.00046980
0.00007067
0.00050200
0.00013791
0.00103333
0.00037838
0.00028650
0.00063334
0.00045563
0.00075227
0.00086303
0.00056220
0.00052770
0.00031247
0.00013244
0.00042586
0.00065131
0.00015556
0.00082458
0.00031334
0.00020932
0.00033409
0.00067296
0.00025631
0.00034934
0.00025369
0.00084004
0.00032073
0.00034563
0.00032195
0.00016090
0.00059446
0.00026264
0.00024485
0.00086721
0.00027244
0.00017318
0.00032177
0.00024533
0.00053317
0.00020972
0.00053981
0.00085834
0.00053683
0.00018179
0.00035873
0.00021866
0.00025285
0.00035136
0.00021902
0.00023183
0.00056121
0.00080797
0.00038920
0.00050085
0.00040500
0.00039533
0.00049399
0.00015280
0.00024202
0.00145117
0.00034217
0.00026735
0.00014450
0.00094795
0.00071285
0.00010759
0.00028446
0.00070534
0.00078350
0.00035200
0.00021955
0.00026756
0.00025542
0.00022403
0.00028427
0.00019644
0.00059686
0.00052568
0.00051075
0.00022367
0.00024613
0.00069079
0.00038529
0.00039741
0.00041652
0.00026932
0.00022904
0.00036194
0.00112299
0.00039398
0.00074435
0.00013772
0.00009976
0.00028716
0.00030568
0.00092500
0.00033580
0.00083457
0.00011861
0.00025066
0.00015350
0.00012866
0.00020266
0.00046176
0.00059672
0.00033483
0.00014254
0.00018802
0.00040433
0.00042310
0.00020421
0.00015395
0.00039471
0.00039395
0.00093947
0.00027385
0.00013913
0.00038308
0.00016478
0.00016000
0.00023599
0.00014231
0.00044158
0.00081669
0.00018970
0.00030128
0.00023771
0.00064971
0.00024471
0.00073642
0.00041990
0.00081863
0.00094261
0.00053330
0.00018781
0.00035809
0.00023106
0.00034973
0.00074166
0.00023570
0.00018412
0.00036066
0.00071414
0.00044534
0.00031028
0.00061637
0.00037345
0.00079703
0.00120302
0.00149305
0.00025222
0.00063139
0.00041130
0.00053465
0.00046020
0.00061245
0.00036174
0.00020115
0.00020004
0.00100987
0.00077188
0.00027061
0.00007465
0.00031621
0.00051068
0.00063772
0.00040043
0.00026672
0.00095924
0.00086889
0.00026586
0.00028555
0.00029669
0.00044903
0.00072747
0.00014682
0.00032476
0.00077269
0.00020403
0.00013816
0.00021605
0.00030981
0.00016956
0.00030025
0.00010018
0.00025896
0.00033939
0.00027615
0.00024229
0.00031999
0.00032000
0.00009741
0.00028737
0.00033356
0.00060470
0.00037879
0.00024162
0.00041800
0.00014367
0.00067321
0.00036984
0.00035757
0.00050887
0.00030009
0.00020406
0.00095420
0.00032795
0.00040334
0.00018055
0.00016934
0.00025558
0.00024379
0.00018475
0.00028199
0.00034954
0.00024023
0.00012261
0.00024145
0.00027733
0.00040855
0.00036621
0.00047178
0.00050797
0.00038748
0.00065184
0.00063638
0.00042208
0.00070569
0.00019573
0.00038901
0.00058457
0.00020976
0.00044094
0.00020437
0.00068207
0.00060527
0.00033949
0.00029773
0.00027832
0.00045620
0.00014012
0.00057654
0.00040161
0.00036623
0.00014184
0.00047179
0.00036774
0.00027720
0.00017038
0.00063502
0.00061559
0.00043915
0.00092748
0.00016124
0.00009838
0.00033186
0.00032010
0.00053806
0.00024686
0.00153191
0.00097820
0.00040942
0.00025424
0.00017627
0.00040879
0.00025557
0.00048219
0.00020198
0.00022754
0.00028446
0.00037098
0.00043152
0.00054207
0.00027928
0.00013940
0.00025817
0.00026739
0.00019937
0.00028140
0.00019425
0.00041840
0.00058427
0.00029349
0.00096411
0.00034223
0.00039195
0.00119277
0.00077276
0.00043889
0.00020203
0.00017423
0.00014013
0.00048023
0.00024852
0.00029551
0.00014128
0.00041848
0.00051457
0.00037693
0.00052883
0.00022837
0.00060643
0.00048830
0.00044450
0.00066517
0.00039923
0.00285932
0.00025195
0.00025714
0.00063373
0.00039943
0.00016486
0.00020106
0.00021380
0.00069679
0.00048448
0.00050743
0.00015133
0.00052734
0.00017112
0.00030701
0.00019874
0.00043003
0.00031170
0.00025832
0.00015673
0.00071947
0.00012818
0.00008191
0.00013126
0.00089144
0.00086148
0.00024336
0.00013312
0.00027097
0.00018581
0.00030800
0.00039431
0.00016178
0.00012295
0.00040275
0.00046968
0.00020370
0.00059730
0.00020785
0.00018670
0.00025584
0.00035404
0.00095859
0.00021105
0.00051438
0.00096491
0.00060645
0.00014792
0.00031962
0.00039375
0.00044373
0.00013778
0.00016865
0.00047603
0.00022244
0.00016655
0.00094287
0.00054897
0.00040415
0.00039245
0.00048564
0.00015834
0.00013891
0.00019076
0.00025576
0.00032536
0.00028117
0.00047204
0.00046211
0.00111461
0.00024276
0.00010128
0.00030315
0.00022836
0.00024326
0.00034222
0.00024635
0.00038042
0.00039297
0.00025060
0.00011009
0.00058017
0.00038222
0.00020383
0.00026422
0.00026067
0.00070902
0.00031228
0.00012908
0.00034679
0.00051103
0.00017678
0.00032935
0.00086857
0.00032399
0.00033830
0.00023173
0.00023962
0.00045987
0.00024562
0.00022516
0.00060467
0.00033252
0.00007171
0.00049169
0.00018648
0.00044028
0.00046675
0.00194902
0.00079707
0.00028918
0.00052825
0.00037803
0.00014845
0.00054220
0.00034952
0.00038718
0.00087525
0.00015228
0.00039287
0.00021254
0.00058854
0.00008608
0.00097356
0.00031160
0.00018456
0.00026521
0.00075480
0.00013018
0.00062573
0.00024159
0.00042709
0.00015276
0.00015350
0.00028461
0.00025081
0.00028717
0.00071730
0.00036989
0.00015201
0.00015224
0.00028801
0.00059753
0.00072351
0.00051137
0.00057321
0.00046771
0.00178801
0.00056999
0.00032519
0.00019620
0.00022824
0.00012870
0.00080465
0.00041003
0.00053419
0.00015915
0.00018120
0.00023961
0.00024886
0.00016224
0.00038731
0.00012351
0.00039617
0.00018503
0.00070423
0.00032629
0.00031243
0.00088336
0.00071276
0.00033363
0.00162675
0.00091142
0.00042845
0.00063773
0.00014616
0.00022273
0.00056004
0.00098564
0.00036900
0.00064653
0.00055870
0.00025855
0.00077049
0.00013463
0.00032012
0.00068934
0.00089847
0.00071418
0.00012251
0.00055750
0.00026978
0.00030008
0.00112101
0.00020399
0.00036333
0.00080530
0.00013401
0.00027045
0.00011805
0.00029167
0.00049332
0.00016223
0.00022203
0.00030292
0.00013020
0.00026399
0.00021538
0.00060215
0.00027335
0.00058897
0.00033325
0.00016331
0.00021769
0.00013595
0.00023099
0.00032507
0.00064284
0.00018545
0.00027009
0.00032177
0.00019957
0.00053011
0.00025453
0.00008867
0.00044145
0.00046292
0.00018095
0.00014887
0.00062459
0.00048741
0.00030728
0.00041054
0.00085609
0.00119979
0.00037978
0.00059171
0.00042952
0.00049498
0.00021839
0.00021384
0.00027606
0.00033871
0.00052239
0.00086731
0.00028999
0.00040525
0.00082388
0.00048786
0.00028200
0.00015062
0.00052640
0.00013573
0.00027389
0.00041575
0.00031175
0.00022015
0.00025967
0.00035605
0.00038456
0.00044032
0.00032345
0.00056672
0.00210189
0.00032797
0.00035511
0.00016484
0.00073647
0.00010421
0.00033305
0.00050364
0.00031222
0.00021835
0.00020550
0.00023300
0.00015695
0.00023224
0.00019121
0.00061107
0.00031919
0.00023031
0.00021679
0.00029932
0.00015736
0.00021487
0.00032039
0.00014537
0.00046948
0.00039387
0.00019490
0.00048968
0.00024142
0.00035397
0.00027589
0.00055226
0.00060507
0.00093971
0.00060104
0.00038665
0.00014780
0.00026423
0.00029290
0.00076297
0.00025359
0.00065675
0.00030309
0.00046536
0.00024691
0.00028231
0.00044677
0.00094676
0.00060505
0.00009872
0.00026503
0.00014661
0.00039414
0.00043043
0.00039122
0.00129854
0.00030694
0.00038829
0.00034710
0.00024001
0.00041257
0.00107021
0.00025955
0.00037906
0.00045255
0.00027847
0.00028342
0.00022821
0.00005976
0.00044681
0.00028870
0.00009274
0.00041469
0.00055421
0.00034141
0.00056778
0.00052453
0.00016741
0.00032580
0.00025288
0.00060921
0.00021419
0.00051868
0.00031147
0.00037037
0.00035957
0.00041503
0.00128483
0.00039811
0.00055839
0.00052098
0.00041496
0.00039478
0.00018415
0.00036350
0.00020862
0.00025757
0.00045396
0.00047924
0.00023690
0.00067669
0.00039601
0.00074253
0.00012676
0.00033500
0.00015392
0.00028104
0.00028780
0.00108762
0.00017045
0.00031298
0.00029276
0.00022227
0.00032694
0.00020835
0.00024154
0.00044547
0.00036063
0.00019226
0.00046008
0.00185258
0.00020193
0.00036776
0.00014954
0.00051343
0.00030371
0.00033958
0.00047333
0.00018615
0.00015098
0.00031083
0.00041708
0.00024255
0.00026243
0.00041842
0.00021239
0.00013449
0.00042261
0.00024021
0.00017440
0.00021326
0.00018309
0.00023660
0.00070436
0.00062240
0.00024005
0.00032729
0.00057588
0.00024737
0.00024056
0.00015389
0.00020689
0.00027894
0.00039131
0.00038753
0.00023609
0.00020647
0.00016964
0.00040954
0.00037339
0.00020691
0.00076958
0.00011179
0.00061320
0.00027896
0.00016633
0.00147373
0.00013941
0.00057045
0.00031844
0.00028272
0.00027200
0.00030965
0.00027090
0.00042532
0.00017224
0.00017019
0.00047353
0.00023485
0.00072534
0.00018634
0.00035512
0.00038562
0.00036942
0.00039526
0.00067635
0.00032165
0.00080112
0.00019004
0.00110682
0.00054334
0.00052254
0.00077693
0.00055359
0.00048744
0.00070586
0.00063070
0.00026018
0.00034493
0.00012904
0.00029108
0.00043760
0.00056230
0.00033283
0.00058585
0.00025070
0.00038600
0.00059032
0.00013815
0.00044072
0.00076838
0.00127532
0.00026758
0.00037572
0.00051002
0.00032834
0.00027771
0.00029028
0.00033264
0.00042347
0.00092628
0.00110121
0.00040160
0.00051026
0.00035555
0.00030398
0.00059317
0.00031342
0.00067419
0.00025773
0.00024118
0.00082716
0.00015094
0.00035164
0.00026487
0.00020017
0.00072246
0.00012361
0.00059833
0.00053714
0.00016441
0.00073851
0.00036522
0.00057679
0.00013712
0.00030901
0.00044455
0.00026946
0.00143162
0.00045768
0.00067050
0.00027509
0.00054330
0.00027317
0.00089833
0.00012708
0.00012955
0.00027412
0.00026358
0.00028618
0.00037043
0.00033257
0.00018413
0.00029856
0.00102120
0.00018066
0.00038320
0.00016005
0.00047932
0.00012286
0.00079191
0.00024951
0.00061584
0.00051885
0.00035045
0.00027622
0.00072614
0.00047771
0.00012129
0.00019874
0.00022884
0.00024773
0.00036411
0.00054024
0.00055290
0.00145725
0.00035667
0.00021559
0.00048458
0.00020044
0.00011999
0.00108803
0.00057221
0.00025030
0.00034037
0.00031837
0.00011775
0.00038126
0.00017276
0.00010824
0.00029042
0.00046969
0.00044630
0.00035702
0.00023115
0.00012758
0.00062634
0.00041032
0.00017307
0.00044435
0.00031579
0.00126442
0.00020568
0.00053926
0.00031821
0.00012680
0.00010209
0.00007669
0.00099590
0.00051406
0.00042559
0.00038381
0.00082292
0.00017422
0.00037635
0.00058035
0.00069360
0.00042354
0.00021213
0.00021350
0.00019904
0.00031584
0.00024979
0.00024283
0.00048543
0.00032482
0.00042328
0.00029443
0.00047655
0.00104629
0.00046283
0.00045298
0.00058960
0.00054596
0.00027087
0.00022006
0.00071654
0.00057409
0.00029894
0.00029512
0.00085054
0.00024383
0.00126356
0.00051017
0.00036127
0.00028014
0.00014848
0.00026208
0.00024580
0.00091800
0.00041645
0.00027465
0.00042336
0.00040056
0.00030566
0.00128351
0.00024904
0.00084649
0.00017936
0.00022352
0.00023621
0.00073808
0.00008214
0.00027115
0.00022531
0.00068498
0.00020949
0.00089666
0.00048845
0.00053509
0.00056083
0.00052617
